0;	1.000000e+04;	-2.650745742498753e-02,	-2.160886755801278e-01,	-2.025343017640200e-02;	7.515746026743432e-04,	-6.762433482275247e-04,	-2.349513619982306e-04;
1;	1.000000e+04;	1.249766604021930e+01,	3.298989344985492e+01,	-5.006800573866114e+00;	-7.240746390367623e-01,	6.419724305899985e-01,	2.621841424390687e-01;
2;	1.000000e+04;	4.029901996920592e+01,	6.460416625767126e+02,	8.859807482796325e+01;	-2.946026001986120e-02,	2.318303081996015e-02,	-4.423309688805460e-02;
3;	1.000000e+04;	4.095064435189332e+01,	-1.008273018876459e+01,	8.604414140121467e-01;	3.682387812656858e-01,	7.401059529161654e-01,	-2.668177722155784e-02;
4;	1.000000e+04;	2.699260472917738e+01,	2.629353998385978e+01,	-4.567220366554738e+00;	-8.673273121338705e-01,	6.786801820430286e-01,	-4.834075554533711e-03;
5;	1.000000e+04;	-2.745939405716250e+01,	2.169124185598831e+01,	1.273238437025104e+01;	-5.463593299483134e-01,	-8.266605445748094e-01,	1.412562731826211e-01;
0;	2.000000e+04;	4.231669583978309e-02,	9.013573682436091e-03,	-5.815354737801266e-03;	-6.225129028686096e-04,	1.168128360773076e-03,	-5.101831751191446e-05;
1;	2.000000e+04;	-3.645643905944880e+01,	-1.123586164659653e+01,	1.346264183489999e+01;	5.625293338677114e-01,	-7.961426123555488e-01,	-2.039801432679056e-01;
2;	2.000000e+04;	-1.658785520085761e+01,	6.026495034281698e-02,	-2.536720072400518e+01;	5.765184427438412e-01,	-1.211441865963566e+00,	8.329816172070285e-01;
3;	2.000000e+04;	1.034756767119899e+00,	3.885475552347823e+01,	-1.865245767321063e+00;	-9.032904187207346e-01,	-5.056465731977365e-01,	4.123412512848287e-04;
4;	2.000000e+04;	-5.822906524117978e+01,	-7.297010494814657e-01,	6.218075031238883e+00;	-2.050014137097970e-01,	-7.279755171771293e-01,	1.567712771595949e-01;
5;	2.000000e+04;	6.310802460242796e+00,	4.231301261243363e+01,	-4.311074843052965e+00;	-8.397205288076234e-01,	2.170131058931112e-01,	2.412818146846317e-01;
0;	3.000000e+04;	2.292826930852754e-02,	-2.395167255341133e-01,	-6.171188798021875e-02;	2.948583656445208e-04,	5.404283349421483e-04,	-9.184325214856960e-05;
1;	3.000000e+04;	-4.774562308263518e+01,	3.842107798031954e+01,	1.737044236830305e+01;	-2.642308251086860e-01,	-5.740988154089783e-01,	9.673446858779695e-02;
2;	3.000000e+04;	8.364348824467449e+01,	7.102971089945700e+02,	1.563098448277844e+02;	-1.464425177417496e-02,	1.179381107050837e-01,	-1.737536065177626e-02;
3;	3.000000e+04;	5.036005114808793e+01,	5.271922366441984e+01,	-1.235232596314674e+00;	-4.684556330474866e-01,	1.835013482872931e-01,	-2.931319749457114e-02;
4;	3.000000e+04;	-6.873777562227318e+01,	-2.694963531497886e+01,	1.519814718467361e+01;	1.387602783453818e-01,	-5.617852423868149e-01,	1.234991459191844e-01;
5;	3.000000e+04;	-1.651833776894957e+01,	-3.101887415374991e+01,	1.289437535932075e+01;	1.016138608734551e+00,	-5.715249235283135e-02,	-2.942698973173746e-01;
0;	4.000000e+04;	2.267659444560360e-02,	-2.959894029219759e-01,	-5.694277267995052e-02;	3.738614134524244e-04,	3.740311725616471e-04,	-1.194981135513982e-04;
1;	4.000000e+04;	-4.539782896750015e+01,	5.676513138892475e+01,	1.663297874219760e+01;	-3.751630213936768e-01,	-3.975703937599954e-01,	1.343640942628010e-01;
2;	4.000000e+04;	7.007020676517560e+01,	8.518359355805264e+02,	1.401412884492005e+02;	-1.954309687238213e-02,	5.211647808999091e-02,	-2.762009898169934e-02;
3;	4.000000e+04;	7.197469493029139e+01,	5.566070592492684e+01,	-2.522622364186191e-01;	-2.467076492287631e-01,	2.668196886807437e-01,	-3.499032186479472e-02;
4;	4.000000e+04;	-5.036035961334942e+01,	-5.341091678384828e+01,	2.471855980843861e+01;	4.928016500508269e-01,	-2.945570704065342e-01,	2.730611485794392e-02;
5;	4.000000e+04;	-1.067633953642289e+01,	3.814350233687076e+01,	-7.430209981318449e+00;	-9.577926231616302e-01,	4.553804884181193e-01,	2.284650109319291e-01;
0;	5.000000e+04;	3.648440481504583e-02,	-3.093518987236534e-01,	-6.639230385621608e-02;	2.163346042293542e-04,	5.317444988851729e-04,	-5.822485925278500e-05;
1;	5.000000e+04;	-6.071488595504348e+01,	4.350288825081971e+01,	2.220446476624087e+01;	-1.768834179041332e-01,	-5.421398490448028e-01,	5.989863096746696e-02;
2;	5.000000e+04;	7.978260859652534e+01,	9.321088184784968e+02,	1.562660701517707e+02;	-1.706296416029059e-02,	5.683876404219673e-02,	-2.356862043682528e-02;
3;	5.000000e+04;	6.378084361163951e+01,	8.089469087593808e+01,	-3.467486860142317e+00;	-4.484177187237126e-01,	-8.415791470199252e-03,	-2.631097613495593e-02;
4;	5.000000e+04;	-8.261211916923440e+01,	-1.391514553838468e+01,	1.900052477713161e+01;	4.817288107779848e-02,	-4.836851341978206e-01,	1.821617063984947e-01;
5;	5.000000e+04;	-8.576328389953072e+01,	5.676113529597500e+01,	1.958970886812684e+01;	-3.056872744290897e-01,	-1.198359622896745e-01,	2.185694321223219e-01;
0;	6.000000e+04;	-4.979319077839486e-02,	-3.068403087200410e-01,	-4.905440900069779e-02;	4.748016221668914e-04,	-5.016020509177308e-04,	-1.670335934177648e-04;
1;	6.000000e+04;	2.450385913995995e+01,	6.097137233688332e+01,	-8.251409787066185e+00;	-4.579053603306517e-01,	5.597055009565356e-01,	1.703141430352146e-01;
2;	6.000000e+04;	1.080720179946527e+02,	8.749329585375266e+02,	1.949240343803907e+02;	-8.215947069375859e-03,	1.235210345724743e-01,	-7.770162393054776e-03;
3;	6.000000e+04;	-1.053940175851022e+01,	4.440670460559377e+01,	-4.613593074816938e+00;	-6.378685938051473e-01,	-9.080693125484733e-01,	4.795082530995502e-02;
4;	6.000000e+04;	-7.362410062167766e+01,	-3.845088890042430e+01,	3.175712562810577e+01;	3.261987609866342e-01,	-3.625185742111679e-01,	1.075437037617027e-01;
5;	6.000000e+04;	-1.241864607843778e+00,	3.179030494043760e+01,	-1.523158276110388e+01;	-8.788408058232791e-01,	9.913850957819031e-01,	2.084186958696100e-02;
0;	7.000000e+04;	4.160033828342896e-02,	-9.505800022244101e-02,	-6.514834981076273e-02;	-8.927831375034673e-05,	4.677061341159543e-04,	1.996221517725275e-05;
1;	7.000000e+04;	-7.214917865575110e+01,	2.161002097961051e+01,	2.599903889271170e+01;	8.437316456976957e-02,	-6.184581733802711e-01,	-3.790412125942146e-02;
2;	7.000000e+04;	8.530053148742313e+01,	2.561144298803780e+02,	1.372410595880971e+02;	6.101334159216825e-02,	4.257624749980304e-01,	1.074797670391451e-01;
3;	7.000000e+04;	7.169723309568215e+01,	1.030093665384062e+02,	-5.743825496826514e+00;	-4.358871088612957e-01,	-9.429189560575857e-02,	-1.275259876401691e-02;
4;	7.000000e+04;	-8.018355561084689e+00,	-5.479953330149665e+01,	3.186895651763236e+01;	7.202102656167674e-01,	2.028580396847533e-01,	-2.671993452016888e-01;
5;	7.000000e+04;	-5.425505533914361e+01,	7.361478665616261e+01,	-4.151549400447990e+00;	-5.916127303417563e-01,	3.103821569149655e-01,	2.112670466169507e-01;
0;	8.000000e+04;	5.423621405543660e-02,	-3.068881251848575e-01,	-3.829427352006291e-02;	-3.540913212396843e-04,	6.373535909529230e-04,	1.549117361233189e-04;
1;	8.000000e+04;	-6.145116924898613e+01,	-1.226850152685765e+01,	2.146602842061289e+01;	4.549104342522737e-01,	-6.210604211947398e-01,	-1.689789142064989e-01;
2;	8.000000e+04;	1.576970440098257e+01,	1.095424425766926e+03,	6.578569040669592e+01;	-2.000450807412182e-02,	-7.880450300354452e-02,	-3.294684699647025e-02;
3;	8.000000e+04;	7.766640737213568e+01,	1.132883469350630e+02,	-1.165748632683444e+01;	-4.315547784092200e-01,	-1.210981911022992e-01,	2.723860280492722e-02;
4;	8.000000e+04;	-7.173280627051207e+01,	3.789236193193354e+01,	-6.198004147494546e+00;	-5.329204591129477e-01,	-2.334733493940050e-01,	2.739968469115003e-01;
5;	8.000000e+04;	-6.250440817843928e+01,	8.297308036171665e+01,	-3.592791158823760e+00;	-5.600953099932195e-01,	3.185048884433024e-01,	1.955003506092392e-01;
0;	9.000000e+04;	3.478330470729291e-02,	-3.963983216037574e-01,	-9.337408929910949e-02;	1.711025159922571e-04,	4.457041420436207e-04,	-4.420576472719805e-05;
1;	9.000000e+04;	-7.845397751245390e+01,	5.395980858262984e+01,	2.827151372016058e+01;	-1.191246417200324e-01,	-4.834461512547252e-01,	3.474134343445289e-02;
2;	9.000000e+04;	1.275988246639630e+02,	1.190588633876537e+03,	2.368124616791281e+02;	-7.838156121933063e-03,	9.009202346736470e-02,	-8.067336563212740e-03;
3;	9.000000e+04;	1.771025625562447e+02,	1.017021639346801e+02,	-1.554287870879396e+01;	-1.182606650154299e-01,	1.591698488141518e-01,	-6.658418023123118e-03;
4;	9.000000e+04;	-8.180471638422911e+01,	3.778794390824539e+01,	-3.917589040472199e+00;	-4.688905545159823e-01,	-2.206194380794452e-01,	2.721064260990970e-01;
5;	9.000000e+04;	-1.929341921781886e+02,	1.351284309173697e+02,	5.721874885614250e+01;	-2.199667303906559e-01,	1.833671443961872e-02,	1.395245436251496e-01;
0;	1.000000e+05;	3.584977664094879e-02,	-3.701780836332056e-01,	-1.164902511340150e-02;	4.230416330442734e-04,	6.921150873456765e-05,	-1.453720373553087e-04;
1;	1.000000e+05;	-2.816243811732487e+01,	1.034122721579737e+02,	1.155849199506936e+01;	-4.308104417617376e-01,	-1.203419361685899e-02,	1.506039328499335e-01;
2;	1.000000e+05;	-2.550156752471792e+01,	9.560708679010553e+02,	3.590497097715636e-01;	-1.759414499783417e-02,	-1.573270660773261e-01,	-3.241878505598236e-02;
3;	1.000000e+05;	8.577547740876338e+01,	-3.549065320480347e+01,	-1.480026712159400e+00;	7.072197733742137e-01,	1.946374077002166e-01,	-4.780496140665331e-02;
4;	1.000000e+05;	-1.078569740515265e+02,	2.729123991949726e+01,	1.217463533509931e+01;	-2.501769682394746e-01,	-2.722016228328700e-01,	2.677238582517311e-01;
5;	1.000000e+05;	-1.202325926472232e+01,	-2.788414576689627e+01,	2.352046426161137e+01;	1.043560946724693e+00,	2.170511622859071e-01,	-8.427946242887764e-01;
0;	1.100000e+05;	-6.887546757312416e-02,	-4.472582119152317e-01,	-5.553402879997473e-02;	3.638562409300200e-04,	-6.248839821623312e-04,	-1.286958952336794e-04;
1;	1.100000e+05;	3.891153636597664e+01,	6.128392760935853e+01,	-1.243239444244997e+01;	-3.188808014518617e-01,	6.704822857658758e-01,	1.210831139933324e-01;
2;	1.100000e+05;	1.225858122874991e+02,	1.343529494323618e+03,	2.365559658155340e+02;	-9.807472322247438e-03,	6.206892544832746e-02,	-1.214740892842446e-02;
3;	1.100000e+05;	6.662858361610854e+01,	1.222727223159569e+02,	-1.650206648947015e+01;	-4.593129614915079e-01,	-2.264758248283908e-01,	7.938952542641878e-02;
4;	1.100000e+05;	-1.141317579895266e+02,	2.789013824942311e+01,	1.468437725548048e+01;	-2.272657801798411e-01,	-2.469363805833780e-01,	2.695088286725654e-01;
5;	1.100000e+05;	-2.929375675689778e+02,	9.237750668456113e+01,	1.577478234521740e+02;	1.398360721583620e-01,	-1.320077744641581e-01,	-2.611832738364969e-02;
0;	1.200000e+05;	-3.568847081166626e-02,	-3.206270062490500e-01,	1.561844399765251e-02;	2.228785753782320e-04,	-7.048034058642302e-04,	-7.946075155118933e-05;
1;	1.200000e+05;	4.664192418877182e+01,	4.454556028507596e+01,	-1.518738364317917e+01;	-1.877533751590642e-01,	8.141168552827517e-01,	7.904743675255785e-02;
2;	1.200000e+05;	-3.027951624173931e+01,	9.540977710844027e+02,	-6.722182936520903e+00;	-1.649354409712318e-02,	-1.670715781662942e-01,	-3.131585617718648e-02;
3;	1.200000e+05;	1.541080116851177e+02,	1.502230326368988e+02,	-3.159915966250741e+01;	-3.049887901927291e-01,	-2.013735333467735e-02,	4.791636715074963e-02;
4;	1.200000e+05;	-1.302774873216791e+02,	5.941602485108648e+00,	4.075584299066031e+01;	-2.304230989817091e-03,	-2.533792646235230e-01,	2.215335733287716e-01;
5;	1.200000e+05;	-3.449133642338886e+02,	1.164618371883275e+02,	1.861072083834618e+02;	1.196104411783023e-01,	-1.148793473914404e-01,	-2.185741654599321e-02;
0;	1.300000e+05;	-5.809061579017005e-03,	-5.105009316865391e-01,	-9.102470536045562e-02;	3.469673050198184e-04,	5.207814207113119e-06,	-1.263210590186429e-04;
1;	1.300000e+05;	-3.043467903554658e+01,	1.167968088951257e+02,	1.252092233949225e+01;	-4.025527567324999e-01,	7.821130832702854e-03,	1.378388605966198e-01;
2;	1.300000e+05;	1.410759982950746e+02,	1.415726525223852e+03,	2.654414099942919e+02;	-7.043009751951455e-03,	7.657956576084156e-02,	-7.589266445802429e-03;
3;	1.300000e+05;	1.516586536002835e+01,	-4.291235643000842e+01,	-2.859036283982999e-01;	1.156703966040522e+00,	-3.728788782201635e-01,	-1.612429132755016e-01;
4;	1.300000e+05;	-1.178915265438397e+02,	-2.839451587560479e+01,	7.018151291133339e+01;	2.695828367848269e-01,	-2.102798969899819e-01,	9.137022124046003e-02;
5;	1.300000e+05;	-2.371779931691421e+02,	1.964298501513168e+02,	6.212612609790245e+01;	-2.810172790127637e-01,	1.246600281464836e-01,	1.358637385294550e-01;
0;	1.400000e+05;	-4.462332135483432e-02,	-3.728840248410242e-01,	-9.401455234748468e-03;	-6.445462316755973e-04,	-8.395016884392431e-04,	2.338165350372259e-04;
1;	1.400000e+05;	3.612280638503433e+01,	-2.149465383387325e+01,	-1.271025309106596e+01;	6.885044730954196e-01,	9.102194984708785e-01,	-2.167821967185840e-01;
2;	1.400000e+05;	1.282001358021636e+01,	1.367179419349758e+03,	7.208077020886310e+01;	-1.603831721188205e-02,	-8.984496434929821e-02,	-2.746272787694112e-02;
3;	1.400000e+05;	1.653724061693037e+02,	1.583268953701737e+02,	-3.860999295172325e+01;	-3.164188690436719e-01,	-3.415567710171501e-02,	6.201352464326205e-02;
4;	1.400000e+05;	-1.015601060612175e+01,	-4.983792786519503e+01,	5.141568681180274e+01;	6.788865617542412e-01,	1.742837061297250e-01,	-4.363790854644190e-01;
5;	1.400000e+05;	-2.047314491755032e+02,	1.860832889481511e+02,	4.460080703126889e+01;	-3.305711067171123e-01,	1.747535525218549e-01,	1.445554930671223e-01;
0;	1.500000e+05;	-9.851073923700865e-02,	-3.658812061088097e-01,	-6.662082166248422e-02;	1.815338429430310e-04,	-7.933215792945507e-04,	-8.234579297776303e-05;
1;	1.500000e+05;	5.000766983555044e+01,	4.763996866597212e+01,	-1.610061787095366e+01;	-1.679817323377212e-01,	7.967680127541362e-01,	7.276773150710046e-02;
2;	1.500000e+05;	1.654235413263041e+02,	1.115525033481598e+03,	2.877913944356305e+02;	4.945779314996420e-03,	1.594753560369998e-01,	1.327014126423310e-02;
3;	1.500000e+05;	2.754416039980656e+02,	5.323161706102444e+01,	-5.568036717012184e+01;	1.108174530903090e-01,	1.845913912802534e-01,	-2.930122017783849e-02;
4;	1.500000e+05;	-1.559422036606782e+02,	1.734380397351982e+01,	4.758789499609752e+01;	-3.288237272782323e-02,	-1.908729186735728e-01,	2.120964433222578e-01;
5;	1.500000e+05;	-5.107818889637832e+02,	1.865624762043863e+02,	2.717974869377472e+02;	9.576741782942938e-02,	-8.563474235438792e-02,	-2.192199777529610e-02;
0;	1.600000e+05;	6.029064035957782e-02,	-5.981816004983830e-01,	-9.827417995672966e-02;	1.396745340155595e-04,	3.831021613764003e-04,	-3.268277996591975e-05;
1;	1.600000e+05;	-1.006042434438661e+02,	7.641702007711868e+01,	3.539425540977516e+01;	-1.057381433077577e-01,	-4.012797599266187e-01,	2.769903075649362e-02;
2;	1.600000e+05;	1.116377548043271e+02,	1.833593363491495e+03,	2.345406844404082e+02;	-1.101121708525146e-02,	5.868359519351157e-03,	-1.620634561983337e-02;
3;	1.600000e+05;	2.349090259657040e+02,	3.023174535620787e+01,	-5.172195316224839e+01;	1.794455314431185e-01,	2.082972336341596e-01,	-4.655040101265758e-02;
4;	1.600000e+05;	-1.288659441724700e+02,	4.910203928830442e+01,	2.803982907176000e+00;	-3.386094181250154e-01,	-9.719511072656910e-02,	2.568494839200840e-01;
5;	1.600000e+05;	-3.162653098896217e+02,	2.510508120995453e+02,	9.201931880843797e+01;	-2.539515892962186e-01,	1.203694405372254e-01,	1.216663356550705e-01;
0;	1.700000e+05;	1.058012526609231e-01,	-4.075686796725220e-01,	-3.896207429994269e-02;	1.302772083627841e-05,	4.914776220489979e-04,	1.261750313196538e-05;
1;	1.700000e+05;	-1.064040142321181e+02,	5.233253069899549e+01,	3.683668975191092e+01;	1.387181871385485e-02,	-4.670171372863595e-01,	-1.408846363130065e-02;
2;	1.700000e+05;	-2.288228124304393e+01,	1.245271787436330e+03,	1.241106821776606e+01;	-1.413484152388957e-02,	-1.424134652536877e-01,	-2.638630198676682e-02;
3;	1.700000e+05;	2.496084745211054e+02,	5.773678205300577e+01,	-5.919921157964258e+01;	1.174089470554486e-01,	1.992833175912683e-01,	-3.383227790665094e-02;
4;	1.700000e+05;	-1.747194712007334e+02,	1.956188257824727e+01,	5.808782489540514e+01;	-1.682580409639302e-02,	-1.617197780449430e-01,	1.938251082526255e-01;
5;	1.700000e+05;	-6.231714059852576e+02,	3.696747533249969e+02,	2.555001673879027e+02;	-1.022270277438615e-01,	1.915630366858183e-02,	6.614447232848474e-02;
0;	1.800000e+05;	-1.891966730007477e-02,	-5.237309993929457e-01,	-1.083623755301642e-01;	3.689668523752152e-04,	-7.314122409517321e-05,	-6.593098089417213e-05;
1;	1.800000e+05;	-4.222574676698366e+01,	1.363590913174789e+02,	1.688341657375848e+01;	-3.567028456580337e-01,	-1.378470973717420e-02,	1.193381467020788e-01;
2;	1.800000e+05;	1.912282026982823e+02,	1.391226602003723e+03,	3.308303919900959e+02;	4.002640914953482e-03,	1.391056174663517e-01,	1.076211079800705e-02;
3;	1.800000e+05;	8.061541647049708e+01,	-4.864333247341371e+01,	-1.706037994692540e+01;	7.429680549080774e-01,	9.517002403690090e-02,	-1.744843698699306e-01;
4;	1.800000e+05;	2.228986870772038e+01,	7.713583800202501e+00,	-2.094451759736608e+01;	-7.175417719229836e-01,	9.716329751491204e-01,	-8.311348256324114e-01;
5;	1.800000e+05;	-6.852717705413496e+02,	3.975151922176560e+02,	2.872551003759292e+02;	-8.821044861238519e-02,	1.391678428230293e-02,	5.909003459757414e-02;
0;	1.900000e+05;	4.653168466040708e-02,	-6.885993058213832e-01,	-1.207828374821454e-01;	1.135832738978692e-04,	3.345176817931603e-04,	4.435670428707233e-05;
1;	1.900000e+05;	-1.107750752999078e+02,	7.300612602851193e+01,	3.853808365755107e+01;	-5.661308980176626e-02,	-4.115270457270181e-01,	1.021512971363737e-02;
2;	1.900000e+05;	1.584860861366518e+02,	2.154526640993134e+03,	3.094852659246703e+02;	-7.727435770477093e-03,	2.753300454606150e-02,	-1.045548349197304e-02;
3;	1.900000e+05;	2.844792234148819e+02,	1.407109878464738e+02,	-7.087190381775892e+01;	-7.672584493682824e-02,	1.181417611659753e-01,	1.391014751420629e-02;
4;	1.900000e+05;	2.563350899245928e+01,	1.508477971517077e+00,	-1.613183557986331e+01;	-5.412334160268205e-01,	9.927401824575416e-01,	-1.000522284862611e+00;
5;	1.900000e+05;	-6.679974610283383e+02,	4.290998298853050e+02,	2.590676423163507e+02;	-1.305271715402163e-01,	4.560866529149127e-02,	7.323274601062078e-02;
0;	2.000000e+05;	8.763514259242977e-02,	-6.705864954846359e-01,	-8.138745637582913e-02;	1.460205957281902e-04,	3.711613009344928e-04,	-3.349298160806011e-05;
1;	2.000000e+05;	-1.098152005502626e+02,	9.061955280901800e+01,	3.861998945736909e+01;	-1.133204502534559e-01,	-3.622044029154164e-01,	3.013976895773552e-02;
2;	2.000000e+05;	5.662539710176288e+01,	2.022437231982545e+03,	1.547296960809749e+02;	-1.195782521756588e-02,	-5.595232914814549e-02,	-1.963179107267960e-02;
3;	2.000000e+05;	2.593214381877488e+02,	1.716118278617217e+02,	-6.609090657221041e+01;	-1.679842698940165e-01,	6.149373893269153e-02,	3.710166480122169e-02;
4;	2.000000e+05;	-2.065542316710706e+02,	3.056525446960368e+01,	6.848973339860635e+01;	-2.390093716348413e-02,	-1.212636743107495e-01,	1.759830016654527e-01;
5;	2.000000e+05;	-3.116492000451580e+02,	4.183132007329765e+01,	2.138605558522949e+02;	3.089543377146455e-01,	-1.242415519100449e-01,	-1.636642815108581e-01;
0;	2.100000e+05;	2.512967596535481e-02,	-3.523950444889147e-01,	1.386258010905508e-02;	3.965815789715447e-04,	-8.276770066978310e-05,	-1.282625754666252e-04;
1;	2.100000e+05;	-7.935745390777456e+00,	1.391508475713110e+02,	5.723757672986477e+00;	-3.722710875472403e-01,	1.751473325024362e-01,	1.279119209281922e-01;
2;	2.100000e+05;	-6.232900272236628e+01,	7.423502090417873e+02,	-6.567424564945259e+01;	-6.146952221980320e-03,	-2.645084831912861e-01,	-1.841882322893156e-02;
3;	2.100000e+05;	2.452847933929353e+02,	1.466665811381720e+02,	-6.579734353595676e+01;	-1.694998037286354e-01,	8.172241201026564e-02,	3.899700381077734e-02;
4;	2.100000e+05;	-2.037696310532122e+02,	4.990811442383026e+01,	4.343387224075266e+01;	-1.415742960323124e-01,	-8.781746622160649e-02,	2.036566947804081e-01;
5;	2.100000e+05;	-9.734604135898866e+02,	4.443246079894001e+02,	5.006204041636546e+02;	3.453487224074355e-02,	-4.173362466887898e-02,	-2.074333185427685e-03;
0;	2.200000e+05;	3.567156888053441e-02,	-6.177857116895622e-01,	-1.504226317053588e-01;	1.705364146579998e-04,	2.343805978437081e-04,	-4.891254993975831e-05;
1;	2.200000e+05;	-1.046207387774056e+02,	1.186874479274731e+02,	3.731591774971834e+01;	-1.850860070049252e-01,	-2.753860729363161e-01,	5.559233213907239e-02;
2;	2.200000e+05;	2.195309882040144e+02,	1.782790565718850e+03,	3.891126919373950e+02;	1.991507537299924e-03,	1.123046101878135e-01,	7.066446292010848e-03;
3;	2.200000e+05;	2.023037184831341e+02,	-2.028001912186118e+01,	-4.951593509934946e+01;	3.258811211316903e-01,	1.897662818440309e-01,	-8.748112923607490e-02;
4;	2.200000e+05;	-1.453189001626342e+02,	-2.718214517577144e+01,	1.241834767379263e+02;	3.319976103998113e-01,	-1.050184458423385e-01,	-3.718629938872152e-02;
5;	2.200000e+05;	-8.825951598194393e+02,	5.503586256246355e+02,	3.648839128340692e+02;	-1.068976479466247e-01,	3.805179317981151e-02,	6.153564875491944e-02;
0;	2.300000e+05;	5.238492410544410e-02,	-8.053157744452059e-01,	-1.484593869727373e-01;	1.381187914580227e-04,	2.993266805183584e-04,	-3.361505767901613e-05;
1;	2.300000e+05;	-1.138714607133653e+02,	1.075288974887300e+02,	4.007620876511579e+01;	-1.367965295325348e-01,	-3.189900105515921e-01,	3.832935780871911e-02;
2;	2.300000e+05;	1.922778607941477e+02,	2.472754455441601e+03,	3.747017657926832e+02;	-5.964928188860547e-03,	3.295306153593240e-02,	-7.584021989502873e-03;
3;	2.300000e+05;	2.637441105211004e+02,	-1.455262395101254e+00,	-6.999255021994914e+01;	2.106517085368895e-01,	1.751219582177976e-01,	-6.105411037232527e-02;
4;	2.300000e+05;	-2.003441320173006e+02,	-7.729348421428893e+00,	1.319722252237282e+02;	2.111690910749451e-01,	-1.107211484200848e-01,	4.313185117258026e-02;
5;	2.300000e+05;	-1.005507050058172e+03,	4.086447852740196e+02,	5.475932026777443e+02;	7.766321587489390e-02,	-5.676227818512973e-02,	-2.708766899018132e-02;
0;	2.400000e+05;	3.688296038900046e-02,	-8.621422239442084e-01,	-9.687532499482371e-02;	2.978331925959918e-04,	1.121624179912615e-04,	-9.334705627440655e-05;
1;	2.400000e+05;	-6.044038844440782e+01,	1.556176622742089e+02,	2.345708716401598e+01;	-3.083999989704576e-01,	-5.275672569196851e-02,	1.011260481599685e-01;
2;	2.400000e+05;	1.120039443466137e+02,	2.503244578209175e+03,	2.578011367915109e+02;	-9.625141026063338e-03,	-2.686749625350680e-02,	-1.519092963367968e-02;
3;	2.400000e+05;	-1.833540931416657e+01,	-3.328649706711407e+01,	5.752943403804593e+00;	8.663235618984931e-01,	-1.049721573795331e+00,	-2.012396612297639e-01;
4;	2.400000e+05;	-2.043449854891436e+02,	6.669850842086250e+01,	1.900697535529742e+01;	-2.556869378321119e-01,	-2.763640764962880e-02,	2.043824096052925e-01;
5;	2.400000e+05;	-9.992221687604818e+02,	6.163792900175608e+02,	4.198618771610933e+02;	-9.790275566072955e-02,	3.548142300055965e-02,	5.648115758085681e-02;
0;	2.500000e+05;	1.059736508242093e-03,	-4.924579793398463e-01,	-2.130358487554320e-02;	-9.287156560649881e-04,	-1.350801880273117e-04,	3.130656699232792e-04;
1;	2.500000e+05;	-3.398812307232800e+00,	-5.201612803349349e+01,	-5.446817798813989e-02;	1.016302351976319e+00,	1.803246270477135e-01,	-3.327543325771388e-01;
2;	2.500000e+05;	3.817223836884569e+00,	1.875109992762332e+03,	7.536144457108345e+01;	-1.146878327492206e-02,	-1.058775719314102e-01,	-2.084034728096025e-02;
3;	2.500000e+05;	3.342527166776856e+02,	1.283197492657849e+02,	-9.318979240933383e+01;	-8.276684733594922e-02,	1.115056568592533e-01,	1.899520642223266e-02;
4;	2.500000e+05;	-2.605042666500343e+02,	5.426508304295992e+01,	7.676922558783886e+01;	-7.509532042392404e-02,	-6.905844448829337e-02,	1.652119726328943e-01;
5;	2.500000e+05;	-1.219156945105792e+03,	5.455391833442851e+02,	6.390560879188454e+02;	4.674353303310892e-02,	-4.138293380878503e-02,	-1.192658710829684e-02;
0;	2.600000e+05;	-1.289232210164237e-02,	-3.234260880154515e-01,	-7.687703950803103e-02;	3.277130759229038e-04,	-1.813859682953284e-04,	-1.298636260721789e-04;
1;	2.600000e+05;	-2.297236712026225e+01,	1.591842184205562e+02,	1.115203512408112e+01;	-3.427342029902021e-01,	1.132934569582735e-01,	1.160970643058753e-01;
2;	2.600000e+05;	1.455100067939259e+02,	6.029631945117111e+02,	2.362832960127400e+02;	3.658451723513326e-02,	2.968623126347463e-01,	6.461966814121400e-02;
3;	2.600000e+05;	6.248891041481476e+01,	-7.320099115022829e+01,	-1.481467904697144e+01;	7.511556336326621e-01,	-1.077811600693666e-01,	-1.987373346359328e-01;
4;	2.600000e+05;	-1.824193805604661e+02,	7.294432800428758e+01,	-6.048664000380649e+00;	-3.607566528051410e-01,	2.662458682283864e-02,	1.941050550349986e-01;
5;	2.600000e+05;	-6.793835946604920e+02,	4.924574969133762e+02,	2.466076189780032e+02;	-1.795648534236862e-01,	9.375262793759874e-02,	8.817857685377217e-02;
0;	2.700000e+05;	-8.439875326707036e-03,	-7.912791949046410e-01,	-1.564274863385147e-01;	3.006333221682904e-04,	3.481400339525364e-05,	-9.660635635904765e-05;
1;	2.700000e+05;	-6.719612434048217e+01,	1.648478877422145e+02,	2.588216208295671e+01;	-2.921794312049251e-01,	-5.867635206093891e-02,	9.535846353496744e-02;
2;	2.700000e+05;	2.519516443856225e+02,	2.208715810808706e+03,	4.512745631295319e+02;	1.524603441908080e-03,	9.711120926230998e-02,	5.723092770814901e-03;
3;	2.700000e+05;	3.410659395652159e+02,	1.138668938920273e+02,	-9.505795005069533e+01;	-6.664286344230022e-02,	1.196586179888201e-01,	1.461621478789955e-02;
4;	2.700000e+05;	-2.754173954914226e+02,	2.369095479251131e+01,	1.466586446703909e+02;	1.148565512304023e-01,	-8.598123936266280e-02,	7.669057116058361e-02;
5;	2.700000e+05;	-1.509204435785987e+03,	7.996917832269691e+02,	7.334829427286421e+02;	-2.241215683554413e-02,	-4.511804255568785e-03,	2.125165515741775e-02;
0;	2.800000e+05;	-3.139075241333861e-02,	-9.823191788268910e-01,	-1.488617024992999e-01;	3.440056377016813e-04,	-6.925497030496052e-05,	-1.059123774158992e-04;
1;	2.800000e+05;	-3.214768982199440e+01,	1.666034443096325e+02,	1.432164789180674e+01;	-3.292996034096937e-01,	8.097374795652082e-02,	1.108363190992516e-01;
2;	2.800000e+05;	2.353794662902324e+02,	2.877022721401961e+03,	4.510416067150074e+02;	-4.011375402545471e-03,	4.053750975366457e-02,	-4.483432822661169e-03;
3;	2.800000e+05;	9.969715778202833e+01,	1.459870788051627e+02,	-3.103263921353160e+01;	-4.509295802857945e-01,	-1.735912520897265e-01,	1.262648349203638e-01;
4;	2.800000e+05;	-1.816940765583239e+02,	-1.860594131407218e+01,	1.604867388015309e+02;	3.119842557629017e-01,	-8.279325802389614e-02,	-6.598768709654532e-02;
5;	2.800000e+05;	-1.256755731589931e+03,	5.188324860069099e+02,	7.034220441601576e+02;	7.939927590428524e-02,	-5.250684812698094e-02,	-3.201061313983987e-02;
0;	2.900000e+05;	-1.087952808178060e-01,	-8.774239967245585e-01,	-9.330545006587689e-02;	-2.518466491614296e-04,	-8.797142555814595e-04,	7.180120367921268e-05;
1;	2.900000e+05;	5.833423310164167e+01,	4.991344385479571e+00,	-1.927585996196245e+01;	2.755211755392528e-01,	9.316820236676300e-01,	-6.943691922144865e-02;
2;	2.900000e+05;	1.787883205346536e+02,	3.067641884913854e+03,	3.745392263666348e+02;	-6.976897388999612e-03,	-1.819487900496095e-03,	-1.038710074442615e-02;
3;	2.900000e+05;	3.278948475876147e+02,	1.965147502053604e+00,	-8.910852344412140e+01;	1.340473074624540e-01,	1.518975038380322e-01,	-4.044849567702254e-02;
4;	2.900000e+05;	-2.279396775308001e+02,	-5.017711076547966e+00,	1.733332259925505e+02;	2.447940898569676e-01,	-8.419713353350830e-02,	-1.707158627688295e-02;
5;	2.900000e+05;	-8.380837045099352e+02,	5.885279366542912e+02,	3.163172880634439e+02;	-1.631600245382311e-01,	8.520494579837945e-02,	8.028650392694293e-02;
0;	3.000000e+05;	8.828647989559624e-02,	-9.519403214949812e-01,	-1.143949138318507e-01;	1.981935151315229e-04,	2.447189123630869e-04,	-5.145575999007849e-05;
1;	3.000000e+05;	-1.185423401016178e+02,	1.436261838098437e+02,	4.246992511037643e+01;	-1.731078540391993e-01,	-2.365140637544773e-01,	5.155322887965536e-02;
2;	3.000000e+05;	9.765612020345169e+01,	2.836187715462960e+03,	2.465913910311541e+02;	-8.999117142716680e-03,	-4.546673549023982e-02,	-1.494725771423382e-02;
3;	3.000000e+05;	3.086737565466881e+02,	1.366456423765784e+02,	-8.757445090209745e+01;	-1.601038426336739e-01,	8.900048514191088e-02,	4.108241364008086e-02;
4;	3.000000e+05;	-3.263740609701821e+02,	4.902403475755209e+01,	1.489467751753405e+02;	4.344842956297580e-02,	-6.652817972310503e-02,	1.002831666013154e-01;
5;	3.000000e+05;	-1.753045470483397e+03,	9.748298476202143e+02,	8.242436023106172e+02;	-4.513117902035057e-02,	1.101991601990710e-02,	3.016398186889271e-02;
0;	3.100000e+05;	6.122646678684368e-02,	-5.619492303636777e-01,	-3.681263245590535e-02;	-6.062495851894911e-04,	3.708465442756998e-04,	2.233579730360294e-04;
1;	3.100000e+05;	-6.088985526561682e+01,	-4.538140075854118e+01,	1.899172530382880e+01;	7.155643555562091e-01,	-3.482191351530921e-01,	-2.442787396301322e-01;
2;	3.100000e+05;	1.701192350911325e-01,	2.091930808561085e+03,	7.598052480930718e+01;	-1.009643290237602e-02,	-1.091598280078714e-01,	-1.886981594257583e-02;
3;	3.100000e+05;	1.043484597079747e+02,	1.415697596671676e+02,	-3.222758267149502e+01;	-4.635897195356981e-01,	-1.499045040360655e-01,	1.306587506647280e-01;
4;	3.100000e+05;	-1.539918207313597e+02,	7.207838747826003e+01,	-2.845014747981796e+01;	-4.743651181654722e-01,	9.894765843930169e-02,	1.695443660671926e-01;
5;	3.100000e+05;	-1.895194833287112e+03,	9.195919909489752e+02,	9.761174466643705e+02;	1.562480469924587e-02,	-2.060923936873360e-02,	2.273692778235953e-04;
0;	3.200000e+05;	-5.532301422268446e-02,	-1.431084200234844e-01,	-2.659830422064224e-02;	2.042116570408303e-04,	-6.603091527455437e-04,	-1.464149510630924e-04;
1;	3.200000e+05;	5.056381956740317e+01,	1.021019679120932e+02,	-1.430113983730668e+01;	-2.520269283871672e-01,	5.475809694079681e-01,	9.596583047685996e-02;
2;	3.200000e+05;	7.680988580626523e+01,	1.638587822092662e+02,	1.186622008250481e+02;	1.227129287363088e-01,	5.393426850332189e-01,	2.002295973841659e-01;
3;	3.200000e+05;	8.861656102309517e+01,	-9.261725382924315e+01,	-2.201088358904094e+01;	6.243329526554316e-01,	-7.907614667032055e-02,	-1.694292452393219e-01;
4;	3.200000e+05;	-3.580683416061411e+02,	6.735148771974832e+01,	1.433805922338594e+02;	-5.241974212513077e-03,	-5.190813068990001e-02,	1.129914350456134e-01;
5;	3.200000e+05;	-1.393292104456398e+03,	5.544064516496958e+02,	7.946356713708848e+02;	9.231473686908701e-02,	-5.446163326219078e-02,	-4.139803131933818e-02;
0;	3.300000e+05;	-1.113597445609207e-01,	-7.547104980227511e-01,	-1.433389042850464e-01;	2.973074536236280e-04,	-4.133538615396720e-04,	-1.074420427176004e-04;
1;	3.300000e+05;	3.347896508766623e+01,	1.321502379025514e+02,	-8.064352571758153e+00;	-3.023766085921902e-01,	4.029000716240945e-01,	1.092072977426774e-01;
2;	3.300000e+05;	2.893528193687430e+02,	2.209792930117288e+03,	5.083235148801276e+02;	6.604729740212089e-03,	1.240442538215488e-01,	1.440181221709512e-02;
3;	3.300000e+05;	3.216964881455092e+02,	-2.855395879212873e+01,	-8.903482615146032e+01;	1.750257080550859e-01,	1.427712788400256e-01,	-5.215993662967571e-02;
4;	3.300000e+05;	-3.252435302655484e+02,	3.098431460789751e+01,	1.987868810034114e+02;	1.361325583340517e-01,	-6.960390719328712e-02,	3.975150320779727e-02;
5;	3.300000e+05;	-7.597075997185942e+02,	5.604890739325029e+02,	2.767722524439853e+02;	-1.862835912090261e-01,	1.058442351566369e-01,	8.881982543050096e-02;
0;	3.400000e+05;	-1.525435481871037e-01,	-9.488097622676656e-01,	-1.551066456510779e-01;	3.811521711375843e-05,	-7.836625474589523e-04,	-2.705970997467813e-05;
1;	3.400000e+05;	6.545429493356949e+01,	4.438880062884029e+01,	-2.069168428805980e+01;	-2.142414304302976e-02,	8.076436997224501e-01,	2.628606682421542e-02;
2;	3.400000e+05;	3.214368134506629e+02,	3.173830285323839e+03,	5.924075383683403e+02;	7.482775125975174e-04,	7.356850922450786e-02,	3.891974000512782e-03;
3;	3.400000e+05;	3.710944606479729e+02,	4.455435622980232e+01,	-1.046307526182172e+02;	2.876246414407828e-02,	1.402358650864226e-01,	-1.142520121591181e-02;
4;	3.400000e+05;	-3.343473450802894e+02,	3.154153239763389e+01,	2.088206714478876e+02;	1.399432641282541e-01,	-6.702046151156514e-02,	3.287933985322519e-02;
5;	3.400000e+05;	-1.880140976565802e+03,	1.111310050892177e+03,	8.673244439987104e+02;	-6.879944635328508e-02,	2.787943533689691e-02,	4.020466926260681e-02;
0;	3.500000e+05;	3.851292593959643e-02,	-1.093656369013227e+00,	-2.177837979924492e-01;	-1.868878329305637e-04,	4.227391247576664e-04,	7.655494600750502e-05;
1;	3.500000e+05;	-1.311214709422953e+02,	2.271252132251688e+01,	4.354180944992108e+01;	2.218530306873984e-01,	-4.529242066806121e-01,	-8.386687320316819e-02;
2;	3.500000e+05;	3.130677366610513e+02,	3.748981267300254e+03,	6.023443347320629e+02;	-2.118714793601493e-03,	4.252970251361221e-02,	-1.497076649088224e-03;
3;	3.500000e+05;	3.907180596532680e+02,	5.113956380510842e+01,	-1.110225663900257e+02;	7.657937280218901e-03,	1.336064348662430e-01,	-5.274273915984825e-03;
4;	3.500000e+05;	-3.869818476466745e+02,	6.089618924005711e+01,	1.909548185637903e+02;	5.314570892181774e-02,	-5.343877479230248e-02,	7.829106701214066e-02;
5;	3.500000e+05;	-2.328346316959524e+03,	1.251926491691750e+03,	1.156078466956950e+03;	-2.336909887559527e-02,	2.233006493452607e-03,	1.844146707655584e-02;
0;	3.600000e+05;	1.130801312333979e-02,	-1.333324996548217e+00,	-1.944553156642767e-01;	2.589363870151298e-04,	8.880274813503631e-05,	-7.729251155538883e-05;
1;	3.600000e+05;	-9.415342684597175e+01,	1.865475157284667e+02,	3.525008281221564e+01;	-2.405204826607853e-01,	-9.657921840184323e-02,	7.679117706278724e-02;
2;	3.600000e+05;	2.814588078730569e+02,	4.048763463493911e+03,	5.676810584159872e+02;	-4.016072612805313e-03,	1.772753008339082e-02,	-5.227802597602409e-03;
3;	3.600000e+05;	3.841249231243301e+02,	-2.423471202315832e+01,	-1.107398741004463e+02;	1.140064130179332e-01,	1.311236028895061e-01,	-3.554144051423359e-02;
4;	3.600000e+05;	-3.606941811549336e+02,	9.856891292705681e+01,	8.212605766641094e+01;	-1.505531817644604e-01,	-5.838624204536666e-03,	1.471054208419652e-01;
5;	3.600000e+05;	-2.376624330522265e+03,	1.176445129780390e+03,	1.246873864110269e+03;	1.365477863926252e-02,	-1.689219728616655e-02,	-4.654331583900513e-04;
0;	3.700000e+05;	-3.317320699207468e-02,	-1.109705471306450e+00,	-1.590847971362369e-01;	-8.917800644862175e-04,	9.217758763507856e-05,	3.060616964659059e-04;
1;	3.700000e+05;	-2.720387315580443e+01,	-5.789493447024406e+01,	7.418934985621338e+00;	9.227732839844343e-01,	-7.667308484133009e-02,	-3.051779526265660e-01;
2;	3.700000e+05;	2.333001074909323e+02,	4.111424918974010e+03,	4.996751628632242e+02;	-5.460927436582561e-03,	-5.162300871647191e-03,	-8.223101972456912e-03;
3;	3.700000e+05;	7.429381266289872e+01,	-1.057046049489736e+02,	-1.961336270196956e+01;	6.226918585985762e-01,	-1.596250539589898e-01,	-1.769093102526491e-01;
4;	3.700000e+05;	-2.053802934258598e+02,	-1.047148897877089e+01,	2.080677401290729e+02;	3.069804518935080e-01,	-6.753834408740814e-02,	-1.127665770431461e-01;
5;	3.700000e+05;	-2.036782199228025e+03,	9.093023338723906e+02,	1.133644454011813e+03;	5.628959069729531e-02,	-3.697517311939912e-02,	-2.351820705852019e-02;
0;	3.800000e+05;	5.697327456702317e-03,	-1.320215343096524e+00,	-1.375665512413037e-01;	3.182780243069820e-04,	-3.831481155290273e-05,	-9.778710317478365e-05;
1;	3.800000e+05;	-4.783002661667578e+01,	1.963301069960077e+02,	2.030575734212993e+01;	-2.902771683970823e-01,	5.568970133341235e-02,	9.669104887201413e-02;
2;	3.800000e+05;	1.720044915582320e+02,	3.942162562503677e+03,	4.035176093353788e+02;	-6.650643469459939e-03,	-2.887098359084144e-02,	-1.087688703671915e-02;
3;	3.800000e+05;	2.890316544120175e+02,	1.578924984500247e+02,	-8.715772590480685e+01;	-2.430269356989344e-01,	4.999166062893431e-02,	6.976410950884755e-02;
4;	3.800000e+05;	-4.219966450549215e+02,	9.921538015626099e+01,	1.405311155033371e+02;	-6.943121274354153e-02,	-2.167260236562605e-02,	1.203741696504584e-01;
5;	3.800000e+05;	-1.123480139500101e+03,	3.921786106813241e+02,	6.970467382531716e+02;	1.422525885613373e-01,	-7.122658967037822e-02,	-7.411802804302570e-02;
0;	3.900000e+05;	1.067500537558649e-01,	-1.153569713168409e+00,	-1.351350996002218e-01;	1.470833636727026e-04,	2.500063805682207e-04,	-3.225582980223771e-05;
1;	3.900000e+05;	-1.410958620819847e+02,	1.562957688923841e+02,	5.001718250553812e+01;	-1.326166811214873e-01,	-2.407866080821264e-01,	3.780070637812082e-02;
2;	3.900000e+05;	9.970196830327232e+01,	3.517406831048365e+03,	2.814144402145488e+02;	-7.653181945098567e-03,	-5.673404880192125e-02,	-1.341711262730827e-02;
3;	3.900000e+05;	4.214575636036528e+02,	5.024210331120698e+01,	-1.237479953848303e+02;	-7.860033737887902e-03,	1.258088353878969e-01,	-2.106976528322693e-05;
4;	3.900000e+05;	-3.750663527203028e+02,	3.940846137292947e+01,	2.506059454440198e+02;	1.532095810272132e-01,	-5.908965776051897e-02,	7.289149064668834e-03;
5;	3.900000e+05;	-1.219301567037047e+03,	8.373366963879305e+02,	4.936030785646378e+02;	