0;	1.000000e+02;	7.355089719415401e-03,	3.535625490351392e-03,	-2.445669238754061e-04;	-1.601298954832837e-03,	2.615872633795104e-03,	2.289414156191138e-05;
1;	1.000000e+02;	-4.549205835959306e+00,	-2.895257262654362e+00,	1.137668771532773e-01;	1.458380686036995e+00,	-2.218296922829843e+00,	-2.323032877819123e-02;
2;	1.000000e+02;	-8.177408495221346e+00,	-5.132706041746128e+00,	4.148384776137120e-01;	9.861869002155634e-01,	-1.747224876866700e+00,	-9.222071249097139e-03;
3;	1.000000e+02;	1.830869199849505e+01,	7.724000372368923e+00,	-2.082602853156514e-01;	-5.782113547686299e-01,	1.257580476702246e+00,	1.213829883717457e-02;
4;	1.000000e+02;	-2.913998724607075e+01,	6.634545724677166e+00,	5.349897723056277e-01;	-2.681426163313159e-01,	-1.120646583876466e+00,	2.926108781923712e-02;
5;	1.000000e+02;	3.862084518408789e+01,	2.545549760651764e+01,	-1.389504517243829e+01;	-3.849615251829906e-01,	6.923504705865980e-01,	3.729465724135551e-02;
0;	2.000000e+02;	-8.733776124843440e-03,	-1.924404332176113e-03,	2.546273734696370e-04;	4.802930029325951e-04,	-3.321723880926887e-03,	1.338724323663105e-05;
1;	2.000000e+02;	4.944498081190728e+00,	6.674941824429914e-01,	-1.129663053693801e-01;	-3.935694062109781e-01,	2.848506786086859e+00,	-3.381328420708046e-03;
2;	2.000000e+02;	9.553180751234335e+00,	-6.523771549514751e-01,	-3.714268986359680e-01;	3.470856107605134e-02,	2.024708295756305e+00,	-3.601531082956419e-02;
3;	2.000000e+02;	-1.294415798499807e+00,	1.870134369601398e+01,	8.584027569498992e-02;	-1.457782795892530e+00,	-1.738559752254445e-01,	1.819143842284702e-02;
4;	2.000000e+02;	2.668751238421138e+01,	1.292265018730944e+01,	-8.814654447356599e-01;	-5.155662178874647e-01,	1.040717386312775e+00,	-9.548435237914842e-03;
5;	2.000000e+02;	-2.874938206454912e+01,	1.806882942904494e+01,	6.383670270869716e+00;	-3.307630805709753e-01,	-1.063078213640315e+00,	2.094035330664317e-01;
0;	3.000000e+02;	7.781951778790378e-03,	-2.802370290065849e-03,	-2.110116010301492e-04;	1.890043424946262e-03,	2.555013626014813e-03,	-6.301272774570380e-05;
1;	3.000000e+02;	-4.156869020097659e+00,	3.415757446764556e+00,	7.763730480559092e-02;	-1.768735708598085e+00,	-2.009171396215723e+00,	4.801938760089898e-02;
2;	3.000000e+02;	-8.681602463290943e+00,	3.190272629497619e+00,	2.944290208247761e-01;	-8.051759790105254e-01,	-1.935219938670799e+00,	6.515467943503463e-02;
3;	3.000000e+02;	-1.795994672232674e+01,	2.074938764670592e+00,	2.394984150930777e-01;	-1.824436128763192e-01,	-1.509409040856107e+00,	-3.184899555514252e-03;
4;	3.000000e+02;	-1.132962319234731e+01,	-2.802106134201236e+01,	8.384243698583982e-01;	1.055503885105463e+00,	-4.291409052338719e-01,	-1.549679628860713e-02;
5;	3.000000e+02;	4.006525103149031e+01,	-9.835247651271201e+00,	-1.053922458786945e+01;	3.719869255524423e-01,	8.208243673713769e-01,	-1.953338168871895e-01;
0;	4.000000e+02;	2.003964411037325e-03,	6.014845219224452e-03,	-3.966743059619969e-05;	-2.582063408014110e-03,	1.041069957437465e-03,	6.495312437714054e-05;
1;	4.000000e+02;	-2.977069680836540e+00,	-4.555025369766238e+00,	8.612240957270907e-02;	2.266265012580280e+00,	-1.381240140200481e+00,	-4.418066329698444e-02;
2;	4.000000e+02;	5.585345601894094e+00,	-8.230667014108272e+00,	-8.709075529227329e-02;	1.590097379859227e+00,	1.129507789928090e+00,	-8.297771366529495e-02;
3;	4.000000e+02;	-5.888466706990159e+00,	-1.798200336853759e+01,	1.075925823744325e-02;	1.357254594072011e+00,	-5.247118152279138e-01,	-1.938407018813640e-02;
4;	4.000000e+02;	-9.887674177511897e+00,	2.790178763549811e+01,	-3.467325643829019e-01;	-1.099249896114515e+00,	-3.809100450113257e-01,	3.320070088977728e-02;
5;	4.000000e+02;	1.204039309667570e+00,	4.427525590445361e+01,	-5.078518591080694e+00;	-8.287537116703293e-01,	-1.247118353038220e-01,	2.531350758965163e-01;
0;	5.000000e+02;	-5.270193386892444e-03,	2.197384157219787e-03,	1.192755151758797e-04;	-1.212477374328698e-03,	-2.006518511744914e-03,	2.495460563379238e-05;
1;	5.000000e+02;	3.725345244726667e+00,	-3.589668625809395e+00,	-6.645118367603185e-02;	1.869757926215500e+00,	2.085265930193239e+00,	-5.074202615031378e-02;
2;	5.000000e+02;	-9.241776771214003e-01,	9.001069849313941e+00,	-1.119673395712140e-01;	-2.132070892527929e+00,	-2.258840673557540e-01,	8.984946915331914e-02;
3;	5.000000e+02;	1.567240282674208e+01,	-1.238911668785452e+01,	-2.459939425990212e-01;	8.808633333049530e-01,	1.057915113284173e+00,	-7.506942961560915e-03;
4;	5.000000e+02;	2.552913493540644e+01,	-1.574091621141071e+01,	-2.646086111309831e-01;	5.912769598030552e-01,	9.843810002359648e-01,	-3.392115672357334e-02;
5;	5.000000e+02;	4.371773026206890e+00,	-3.185146535607172e+01,	2.135329552723227e+00;	1.156914574755487e+00,	-6.862951851066962e-02,	-3.274569144560311e-01;
0;	6.000000e+02;	-2.834597752863749e-03,	1.153404081998753e-03,	-9.731002798451551e-06;	2.948052204240196e-04,	-2.358498288529290e-03,	1.072050409277755e-05;
1;	6.000000e+02;	4.893339277552885e+00,	1.439452432428513e+00,	-1.147678993848800e-01;	-8.000614391638691e-01,	2.733176448460688e+00,	5.241838247652488e-03;
2;	6.000000e+02;	-3.741157960347698e+00,	-9.164856650133684e+00,	3.015292745854957e-01;	1.793556210503000e+00,	-7.936745136198213e-01,	-5.965802399887524e-02;
3;	6.000000e+02;	1.756851333397357e+01,	9.262727210151422e+00,	-1.921530990201538e-01;	-6.877575294767833e-01,	1.202548153550259e+00,	1.312906527839468e-02;
4;	6.000000e+02;	-2.941568086907403e+01,	-6.132246411595190e+00,	8.049992341525471e-01;	2.223757547441262e-01,	-1.124434435974450e+00,	1.803649250000592e-02;
5;	6.000000e+02;	3.298591391078806e+01,	3.322544428301985e+01,	-1.309181033373308e+01;	-5.377391242975673e-01,	5.663405133496417e-01,	9.517134480858162e-02;
0;	7.000000e+02;	-6.230069377938739e-03,	-7.032144234123173e-03,	2.424188155675548e-04;	2.493524512072816e-03,	-2.219991583518876e-03,	-4.182884731882796e-05;
1;	7.000000e+02;	3.138027153052980e+00,	4.101383648431246e+00,	-8.811284500612564e-02;	-2.188279780823298e+00,	1.772935593477833e+00,	4.005312021171248e-02;
2;	7.000000e+02;	8.487587839075735e+00,	4.053122216949065e+00,	-4.104065749804441e-01;	-9.781483813624580e-01,	1.820151375187965e+00,	1.030193203654977e-02;
3;	7.000000e+02;	-2.897695452688017e+00,	1.848533123871119e+01,	1.030591280768359e-01;	-1.440491205579404e+00,	-2.986925465058089e-01,	1.738630137068641e-02;
4;	7.000000e+02;	1.863549953240300e+01,	2.293226113553940e+01,	-9.024149950528505e-01;	-9.079937733994166e-01,	7.307317128715227e-01,	5.901443085690155e-03;
5;	7.000000e+02;	-3.047560201819443e+01,	4.181521761613524e+00,	8.372873600437558e+00;	6.661824323349909e-02,	-1.208459977946955e+00,	1.096863876957723e-01;
0;	8.000000e+02;	1.237193906321648e-03,	-2.899323382592442e-03,	-8.183642092517906e-05;	2.333368363576770e-03,	-5.832608932412772e-04,	-5.407736766597907e-05;
1;	8.000000e+02;	2.289763807879415e+00,	4.705611299247391e+00,	-7.255907948321334e-02;	-2.467474433379787e+00,	1.305967426938544e+00,	4.816828813686205e-02;
2;	8.000000e+02;	-9.424974940903249e+00,	-1.476915510976074e-01,	3.863013502056682e-01;	-6.331459601486862e-02,	-2.062057959654271e+00,	3.557549636645957e-02;
3;	8.000000e+02;	-1.808208929024905e+01,	5.588517937945615e-01,	2.334538619100646e-01;	-5.812717612313033e-02,	-1.518792628978988e+00,	-4.631200543414773e-03;
4;	8.000000e+02;	1.014345859993531e+00,	-3.022589686899325e+01,	5.992470927550427e-01;	1.138082732789583e+00,	4.183443437170094e-02,	-2.712629024271522e-02;
5;	8.000000e+02;	4.311719543067817e+01,	2.805166532855316e-01,	-1.250887767471886e+01;	1.334948005528757e-01,	8.486583373950889e-01,	-1.291318391400253e-01;
0;	9.000000e+02;	-3.804773236019634e-03,	-2.215887845507749e-03,	1.346579145141340e-04;	1.680521414977530e-03,	-2.036822648585335e-03,	-1.576808394689439e-05;
1;	9.000000e+02;	3.222282869630695e+00,	4.113736554774567e+00,	-9.033397761831018e-02;	-2.158405587265611e+00,	1.785291671871102e+00,	3.887694132939534e-02;
2;	9.000000e+02;	7.064528486702596e+00,	-6.982988019565384e+00,	-1.784305718007380e-01;	1.335279129047526e+00,	1.431282562208290e+00,	-7.720007700597512e-02;
3;	9.000000e+02;	-4.562098234073398e+00,	-1.840797514363415e+01,	-5.816424495553943e-03;	1.389328908422079e+00,	-4.227566833792193e-01,	-1.921811029002626e-02;
4;	9.000000e+02;	-2.079615998928535e+01,	2.121164038844683e+01,	4.322871886729333e-02;	-8.364989593399458e-01,	-8.028714496020746e-01,	3.584718641107078e-02;
5;	9.000000e+02;	-8.586596482608069e+00,	4.137192276798969e+01,	-1.924728842654298e+00;	-8.061733380662938e-01,	-3.727321775512730e-01,	2.731163352326995e-01;
0;	1.000000e+03;	-6.539748126414681e-03,	-3.239099475256830e-03,	1.742727371690207e-04;	1.328232834539521e-03,	-2.568466840926520e-03,	-2.814337052710549e-05;
1;	1.000000e+03;	4.993910787980112e+00,	1.450041873219401e+00,	-1.164504129953404e-01;	-7.834970025240964e-01,	2.707617419556763e+00,	4.036735419029481e-03;
2;	1.000000e+03;	-1.553806838948424e+00,	8.963874160115910e+00,	-7.626024287521312e-02;	-2.105699101679305e+00,	-3.672841013447069e-01,	9.203284220837377e-02;
3;	1.000000e+03;	1.645237598224977e+01,	-1.136276953097117e+01,	-2.489727318228328e-01;	8.086806214207243e-01,	1.113024218423495e+00,	-6.451234290905870e-03;
4;	1.000000e+03;	2.959655822562147e+01,	-3.823109244953262e+00,	-6.045840804714987e-01;	1.332447487473456e-01,	1.146468940952197e+00,	-2.669037132609592e-02;
5;	1.000000e+03;	1.739582908895873e+01,	-3.024027886466753e+01,	-1.813850855463653e+00;	1.022244587512116e+00,	3.245333609806896e-01,	-3.305121503391006e-01;
0;	1.100000e+03;	-1.985080109556284e-03,	6.383220664785782e-03,	-6.463924399876592e-05;	-2.148730387942292e-03,	-1.737586057481407e-03,	6.233041591670893e-05;
1;	1.100000e+03;	3.961012548083283e+00,	-3.577581780079050e+00,	-6.897895461943424e-02;	1.769374093789139e+00,	2.112785038341812e+00,	-4.916376565646781e-02;
2;	1.100000e+03;	-4.420650398133045e+00,	-8.855297289885309e+00,	3.173886663328270e-01;	1.730938490138939e+00,	-9.324463104690367e-01,	-5.684454945294178e-02;
3;	1.100000e+03;	1.697399257199764e+01,	1.028669800412765e+01,	-1.805259129768617e-01;	-7.593927016255166e-01,	1.160366853203635e+00,	1.364036663780086e-02;
4;	1.100000e+03;	-2.444548318096541e+01,	-1.768683694687175e+01,	9.287913739029072e-01;	6.616138190528961e-01,	-9.301945960050739e-01,	3.874497049479298e-03;
5;	1.100000e+03;	2.597124994570859e+01,	3.904824675855609e+01,	-1.167831601699315e+01;	-6.581113563736779e-01,	4.180992975057207e-01,	1.459934876568515e-01;
0;	1.200000e+03;	-4.924797872382309e-04,	1.975331295280194e-03,	7.635524570048537e-05;	-1.959931191819756e-03,	4.574954923554525e-04,	4.481944054421503e-05;
1;	1.200000e+03;	-2.480044403664623e+00,	-5.093444545046845e+00,	7.981487288302609e-02;	2.379317252377657e+00,	-1.060853899554691e+00,	-4.658966028575762e-02;
2;	1.200000e+03;	9.305235313127442e+00,	2.110087685993894e+00,	-4.155130636768137e-01;	-5.446585385405989e-01,	1.967281677389172e+00,	-7.333347822765412e-03;
3;	1.200000e+03;	-3.929086838452966e+00,	1.829460165647108e+01,	1.122564455903351e-01;	-1.422435385788592e+00,	-3.770613090781836e-01,	1.677090445342060e-02;
4;	1.200000e+03;	7.236039235336458e+00,	2.860942827746945e+01,	-7.561375419444121e-01;	-1.131354168472310e+00,	2.863347929557087e-01,	2.024816105436791e-02;
5;	1.200000e+03;	-2.707372807783464e+01,	-9.826955323049289e+00,	8.884313434043973e+00;	5.235836319084535e-01,	-1.160337438060543e+00,	-2.800643458155070e-02;
0;	1.300000e+03;	7.576465669503280e-03,	-1.670129297335177e-03,	-2.088120516870220e-04;	1.237831856345740e-03,	2.826089142081201e-03,	-4.948429403445416e-05;
1;	1.300000e+03;	-5.255074509297054e+00,	2.235248819917835e+00,	1.030752211102043e-01;	-1.083790223734726e+00,	-2.349108158712526e+00,	3.558972785889114e-02;
2;	1.300000e+03;	-8.688365421889765e+00,	3.361733453594481e+00,	3.086434362052107e-01;	-8.243876812586362e-01,	-1.920010967377499e+00,	6.278914792150915e-02;
3;	1.300000e+03;	-1.812551889416654e+01,	-2.792616596002465e-01,	2.289924475840495e-01;	1.123987354654249e-02,	-1.517491581958901e+00,	-5.270240665795318e-03;
4;	1.300000e+03;	1.313022042722741e+01,	-2.718855331722663e+01,	2.562891622245330e-01;	1.023331240790226e+00,	5.040840114159912e-01,	-3.402555473416970e-02;
5;	1.300000e+03;	4.347106476629305e+01,	9.984059983995170e+00,	-1.364812811154130e+01;	-7.414144627007303e-02,	8.240536956788020e-01,	-6.624638468258223e-02;
0;	1.400000e+03;	-3.107589848123620e-03,	-3.944237487838637e-04,	7.703078420827042e-05;	1.183075466810487e-03,	-2.115255385824342e-03,	-3.189307936015372e-06;
1;	1.400000e+03;	3.985511506113329e+00,	3.526208574277500e+00,	-1.049713350985420e-01;	-1.807124591523916e+00,	2.118362360070839e+00,	2.828081352457679e-02;
2;	1.400000e+03;	3.243726096643527e+00,	-9.493901298140594e+00,	5.067155606114288e-03;	1.834251387900178e+00,	6.355134297292575e-01,	-8.535266301008869e-02;
3;	1.400000e+03;	-3.927225051289648e+00,	-1.857979445811011e+01,	-1.210200595356244e-02;	1.402177426419107e+00,	-3.718238918317221e-01,	-1.895747860899668e-02;
4;	1.400000e+03;	-2.784968237501996e+01,	1.069126181461473e+01,	4.238730785462062e-01;	-4.268382327977881e-01,	-1.072772449456879e+00,	3.195226098326864e-02;
5;	1.400000e+03;	-1.739372691575948e+01,	3.566403152341917e+01,	1.241605768026856e+00;	-7.188285353035391e-01,	-6.281890638273242e-01,	2.750047478800424e-01;
0;	1.500000e+03;	-2.745425892949579e-03,	3.103900132155267e-03,	9.778261975911413e-05;	-1.941863251774522e-03,	-1.220511931350398e-04,	3.618812735415175e-05;
1;	1.500000e+03;	-8.602158145840219e-01,	-5.613301859025160e+00,	4.828630344699764e-02;	2.601856529792660e+00,	-2.860281997112559e-01,	-5.498319092626290e-02;
2;	1.500000e+03;	4.838827866123229e+00,	7.914787458518498e+00,	-3.158855186239267e-01;	-1.826952577435856e+00,	1.037556159678926e+00,	6.080284200110810e-02;
3;	1.500000e+03;	1.675250678012608e+01,	-1.089123600141606e+01,	-2.473221887577827e-01;	7.769275660888502e-01,	1.137210528787802e+00,	-6.037350522685747e-03;
4;	1.500000e+03;	2.837481610789605e+01,	8.767503990269500e+00,	-8.366330948195245e-01;	-3.549015431883946e-01,	1.104106898287889e+00,	-1.452144960171282e-02;
5;	1.500000e+03;	2.789301364389190e+01,	-2.495189979210410e+01,	-5.423001544385945e+00;	8.082232094415026e-01,	5.879941728196505e-01,	-2.965684284740475e-01;
0;	1.600000e+03;	5.264447939240131e-03,	-2.908914362680336e-03,	-1.899964709717434e-04;	2.084783148275584e-03,	1.664452759083185e-03,	-5.545181845760923e-05;
1;	1.600000e+03;	-2.762233434251128e+00,	4.929357539714562e+00,	3.336745201928352e-02;	-2.355432314721330e+00,	-1.180747074960345e+00,	5.738190169250620e-02;
2;	1.600000e+03;	-9.074157400408675e+00,	-3.142433728793833e+00,	4.223224507805919e-01;	5.754200415960412e-01,	-1.949881871574606e+00,	3.893726603502871e-03;
3;	1.600000e+03;	1.670895927067211e+01,	1.068067951202694e+01,	-1.752951255776045e-01;	-7.869461418078472e-01,	1.143950549183356e+00,	1.366921903259129e-02;
4;	1.600000e+03;	-1.520137718161205e+01,	-2.614398191925232e+01,	8.898636352931023e-01;	9.819332041162847e-01,	-5.768059096895907e-01,	-1.084346899589723e-02;
5;	1.600000e+03;	1.805677839018702e+01,	4.286494396446291e+01,	-9.786666404796362e+00;	-7.472512114209038e-01,	2.511279479559123e-01,	1.896907659979849e-01;
0;	1.700000e+03;	-4.199139779491000e-03,	4.191149729136338e-03,	1.137912211159823e-04;	-2.388500612280607e-03,	-1.696891231084989e-03,	7.277422049359877e-05;
1;	1.700000e+03;	2.588588851285599e+00,	-4.925137335399773e+00,	-2.909083575022254e-02;	2.311049006830627e+00,	1.359861709387997e+00,	-5.738450034343255e-02;
2;	1.700000e+03;	7.757540418242058e+00,	-6.306394728872790e+00,	-2.351913018450965e-01;	1.191163795462713e+00,	1.547160020406879e+00,	-7.140574249142263e-02;
3;	1.700000e+03;	-4.248446698163042e+00,	1.824268140810258e+01,	1.128929084348941e-01;	-1.415363442488373e+00,	-3.993550546130958e-01,	1.649601148767647e-02;
4;	1.700000e+03;	-5.519141790288710e+00,	2.902403444797024e+01,	-4.697226033767555e-01;	-1.146168289263687e+00,	-2.120384865425782e-01,	3.089393128189094e-02;
5;	1.700000e+03;	-1.890319378123603e+01,	-2.152382290969616e+01,	7.761641649060555e+00;	9.158490551456233e-01,	-8.917727466829127e-01,	-1.704254779653492e-01;
0;	1.800000e+03;	2.338418384964709e-03,	-6.307247204920301e-03,	-8.618519136198559e-07;	2.817615610409974e-03,	1.179099781787071e-03,	-7.756580232120767e-05;
1;	1.800000e+03;	-2.817967353296215e+00,	4.939101133457219e+00,	3.337282187486614e-02;	-2.344571244398934e+00,	-1.189627164048078e+00,	5.720816332862676e-02;
2;	1.800000e+03;	-1.960860116151176e-01,	9.229847541412502e+00,	-1.186623854339585e-01;	-2.113327718359974e+00,	-7.337464487419007e-02,	8.943642142345568e-02;
3;	1.800000e+03;	-1.816806915718506e+01,	-3.592450908246625e-01,	2.269519677968975e-01;	1.869990964424097e-02,	-1.514681703696613e+00,	-5.113568722975077e-03;
4;	1.800000e+03;	2.299483069135415e+01,	-1.938847096265482e+01,	-1.331705318675284e-01;	7.283444674120161e-01,	8.836010376743023e-01,	-3.505139621873186e-02;
5;	1.800000e+03;	4.168880734790517e+01,	1.882689265810578e+01,	-1.407237744737602e+01;	-2.520228304558189e-01,	7.634377861097267e-01,	-8.125307451674606e-03;
0;	1.900000e+03;	4.417032030951048e-03,	8.278317547766919e-03,	-1.933551750102285e-04;	-2.861961472734632e-03,	7.122639219866974e-04,	6.151400145568959e-05;
1;	1.900000e+03;	-7.196767369190378e-01,	-5.744012874465700e+00,	4.799184834301078e-02;	2.578154730936288e+00,	-2.143863389710209e-01,	-5.434996273819531e-02;
2;	1.900000e+03;	-7.094022626183734e+00,	-6.759388791401486e+00,	3.886231693366591e-01;	1.316935708519567e+00,	-1.495831700526723e+00,	-3.506627971862188e-02;
3;	1.900000e+03;	-4.045387176254292e+00,	-1.856695297508945e+01,	-8.704896333620094e-03;	1.399894041784544e+00,	-3.784385215743003e-01,	-1.872859952893233e-02;
4;	1.900000e+03;	-2.991873483663523e+01,	-1.776438952485760e+00,	7.294350332761503e-01;	5.482486062245923e-02,	-1.147834500455955e+00,	2.236590883681370e-02;
5;	1.900000e+03;	-2.445785226045588e+01,	2.743596539876068e+01,	4.169629981808825e+00;	-5.547040288015763e-01,	-8.730903092807470e-01,	2.533965835605597e-01;
0;	2.000000e+03;	-8.056642049926507e-03,	-3.313503236113217e-03,	2.537510425325792e-04;	1.710045274102204e-03,	-2.459209860541190e-03,	-1.440000625488830e-05;
1;	2.000000e+03;	3.751480458825683e+00,	3.959551240418339e+00,	-1.033939974377945e-01;	-1.951348944059667e+00,	1.937162095267926e+00,	3.092029724347277e-02;
2;	2.000000e+03;	9.282009754572705e+00,	-3.474296977042349e+00,	-3.435427378568353e-01;	6.220730753279896e-01,	1.871601096239175e+00,	-5.100929073169594e-02;
3;	2.000000e+03;	1.661131602043887e+01,	-1.107988442350450e+01,	-2.428170185160954e-01;	7.905058155724098e-01,	1.129644393299094e+00,	-6.282394001476699e-03;
4;	2.000000e+03;	2.196614466438938e+01,	1.982015757124527e+01,	-9.168792710255017e-01;	-7.862245807364617e-01,	8.584209585502788e-01,	5.340572958853966e-04;
5;	2.000000e+03;	3.549374084452352e+01,	-1.762463232027199e+01,	-8.408915382749223e+00;	5.785424142681328e-01,	7.432274139594269e-01,	-2.464566044658512e-01;
0;	2.100000e+03;	5.723446723786793e-03,	-2.795099266323660e-03,	-1.387507123284761e-04;	1.229797871002578e-03,	2.455106532916617e-03,	-5.320066772313500e-05;
1;	2.100000e+03;	-5.776597034408636e+00,	1.454995046175322e+00,	1.155370826865369e-01;	-6.896600923682159e-01,	-2.427956416571145e+00,	2.899266531829464e-02;
2;	2.100000e+03;	-2.797706964610144e+00,	8.814965182634745e+00,	3.242534163338222e-03;	-2.013518173386988e+00,	-6.469739832081214e-01,	9.318717748253098e-02;
3;	2.100000e+03;	1.688539566772680e+01,	1.040389438932069e+01,	-1.781587704912753e-01;	-7.669838895037243e-01,	1.157876575820339e+00,	1.322700521892712e-02;
4;	2.100000e+03;	-3.299813922842915e+00,	-3.007575794309863e+01,	6.958273492294980e-01;	1.131525318251124e+00,	-1.237271276938660e-01,	-2.366447610018695e-02;
5;	2.100000e+03;	9.702975334282295e+00,	4.464239224763788e+01,	-7.548303408165022e+00;	-8.041887187818876e-01,	6.939948671099844e-02,	2.255681688270719e-01;
0;	2.200000e+03;	3.689636362014563e-03,	5.729564300320259e-03,	-1.524969890338940e-04;	-2.718400398565668e-03,	7.290951903603746e-04,	6.164676092125245e-05;
1;	2.200000e+03;	-1.008388124636475e+00,	-5.794095603208120e+00,	5.603416984809603e-02;	2.542011582518359e+00,	-3.365895645235100e-01,	-5.251243740050143e-02;
2;	2.200000e+03;	-5.893080567000521e+00,	-7.935096268291976e+00,	3.498765707705087e-01;	1.544739486438306e+00,	-1.235792344097794e+00,	-4.947268170954160e-02;
3;	2.200000e+03;	-3.786864781699427e+00,	1.838321987770429e+01,	1.044224463185496e-01;	-1.422942387647978e+00,	-3.615679384877656e-01,	1.661058309105824e-02;
4;	2.200000e+03;	-1.730710782582753e+01,	2.406249378903381e+01,	-9.456541292260680e-02;	-9.492977590635178e-01,	-6.699937449307488e-01,	3.579674117594747e-02;
5;	2.200000e+03;	-7.784501705322332e+00,	-2.899466920075072e+01,	5.330619317883013e+00;	1.130361439909052e+00,	-4.886792965047378e-01,	-2.755616849665721e-01;
0;	2.300000e+03;	-8.542522037971532e-03,	2.246793724810557e-03,	2.252479891939956e-04;	-6.018806652821456e-04,	-3.085543005335535e-03,	3.989687716075158e-05;
1;	2.300000e+03;	5.385660147373989e+00,	-1.184652094453590e+00,	-1.082115318854562e-01;	5.180257532055539e-01,	2.687105780571020e+00,	-2.730723627506092e-02;
2;	2.300000e+03;	9.601560478299344e+00,	-2.514892074978400e+00,	-3.742695955457175e-01;	4.291869429654191e-01,	1.924861286454322e+00,	-4.218393616297572e-02;
3;	2.300000e+03;	-1.820134592151809e+01,	3.142040749535991e-01,	2.273119221858819e-01;	-3.528323346516179e-02,	-1.512219226371168e+00,	-4.233458499398208e-03;
4;	2.300000e+03;	2.879392150578572e+01,	-8.148259134431839e+00,	-4.994640746280901e-01;	2.993970158011660e-01,	1.111333110812838e+00,	-2.982912553408174e-02;
5;	2.300000e+03;	3.824909024780911e+01,	2.650037530961314e+01,	-1.388883390804119e+01;	-4.019549915454787e-01,	6.778705838465375e-01,	4.454583706695701e-02;
0;	2.400000e+03;	5.728793188066166e-05,	-5.729575195828584e-03,	2.768323155772004e-05;	2.776882082069596e-03,	-9.499715309401951e-04,	-6.690631528534979e-05;
1;	2.400000e+03;	2.499127756248988e+00,	4.992773177537269e+00,	-8.405023984101562e-02;	-2.387290461140432e+00,	1.285200014645244e+00,	4.316972859292771e-02;
2;	2.400000e+03;	-2.986660696868984e+00,	8.780440600758558e+00,	1.901049825947547e-02;	-1.997868673025347e+00,	-6.768984449890993e-01,	9.295137137792088e-02;
3;	2.400000e+03;	-4.839761806904381e+00,	-1.836902019129150e+01,	3.642454740118112e-03;	1.383628333792371e+00,	-4.371854528513943e-01,	-1.852843280819435e-02;
4;	2.400000e+03;	-2.668141051831663e+01,	-1.394478518218266e+01,	9.056809500789547e-01;	5.203863005028908e-01,	-1.018825146626138e+00,	8.925542854587494e-03;
5;	2.400000e+03;	-2.905477262220669e+01,	1.718625789858407e+01,	6.594909519740547e+00;	-3.062251883078548e-01,	-1.077928236456643e+00,	2.029877226304155e-01;
0;	2.500000e+03;	3.308565803935234e-03,	-3.579521024780051e-03,	-7.913257131139754e-05;	1.825713692638364e-03,	1.437028220057095e-03,	-4.114427995823459e-05;
1;	2.500000e+03;	-2.918998338559836e+00,	5.078371203197728e+00,	3.065894392972520e-02;	-2.310416254815362e+00,	-1.174037191302824e+00,	5.670043413518040e-02;
2;	2.500000e+03;	-6.408311118659503e+00,	-7.495641731764056e+00,	3.613170361467546e-01;	1.458961434127484e+00,	-1.351016629624337e+00,	-4.571740078638487e-02;
3;	2.500000e+03;	1.607685387051746e+01,	-1.183464167692915e+01,	-2.355416831409459e-01;	8.438164772530152e-01,	1.091720530155496e+00,	-7.155835770776132e-03;
4;	2.500000e+03;	1.150116565115212e+01,	2.720010329300607e+01,	-8.269325467735134e-01;	-1.075143603971021e+00,	4.517656804317744e-01,	1.561808635217721e-02;
5;	2.500000e+03;	4.040726478322883e+01,	-9.429892576732597e+00,	-1.070663280482352e+01;	3.609881116481309e-01,	8.211475856937761e-01,	-1.915792607645767e-01;
0;	2.600000e+03;	1.393274158600074e-03,	-1.987008674899606e-04,	-9.453794069044948e-06;	8.612039845152420e-04,	1.565570266278937e-03,	-2.041865281953977e-05;
1;	2.600000e+03;	-5.509697466829199e+00,	2.450359529993486e+00,	1.019898002938860e-01;	-1.109610743102993e+00,	-2.267057308129992e+00,	3.807270793721600e-02;
2;	2.600000e+03;	9.198132670604430e+00,	-3.730648867514971e+00,	-3.477363657774258e-01;	6.831729571522059e-01,	1.850409016626797e+00,	-5.063796030220313e-02;
3;	2.600000e+03;	1.743469889672965e+01,	9.523935413184253e+00,	-1.874861573876641e-01;	-7.023656845831121e-01,	1.195871393800330e+00,	1.229162708542821e-02;
4;	2.600000e+03;	9.132302284458390e+00,	-2.880305270301910e+01,	3.815624776946941e-01;	1.084694069023658e+00,	3.503620887530464e-01,	-3.236599433775094e-02;
5;	2.600000e+03;	1.284883143021075e+00,	4.440432426990159e+01,	-5.076133760522359e+00;	-8.274430474440466e-01,	-1.243910371245095e-01,	2.529063073333145e-01;
0;	2.700000e+03;	7.433124508897895e-03,	-4.469027469370419e-03,	-1.181904345896060e-04;	8.705434021757762e-04,	2.461379567545834e-03,	-4.658424361100305e-05;
1;	2.700000e+03;	-6.140055425820276e+00,	2.617597272288870e-01,	1.291605250925584e-01;	-1.645063975558045e-01,	-2.469967585409539e+00,	1.945416899100255e-02;
2;	2.700000e+03;	-5.348996895869340e-01,	9.332999832474757e+00,	-8.322340118391622e-02;	-2.092662111426587e+00,	-1.526585774782039e-01,	9.078928245572354e-02;
3;	2.700000e+03;	-2.628737390590492e+00,	1.863910210214783e+01,	8.804363070782620e-02;	-1.439030819435520e+00,	-2.711953555644021e-01,	1.697589226569047e-02;
4;	2.700000e+03;	-2.588914909213080e+01,	1.471128360573396e+01,	2.972888445750059e-01;	-5.826623256241855e-01,	-9.992474509849818e-01,	3.409761318003526e-02;
5;	2.700000e+03;	4.071720772708556e+00,	-3.189319585513191e+01,	2.197267266645352e+00;	1.157374403976961e+00,	-7.989099115564399e-02,	-3.268539346640523e-01;
0;	2.800000e+03;	7.476479612906945e-03,	1.634965883604551e-03,	-2.145644064282892e-04;	-3.970647856641827e-04,	2.860446885841372e-03,	-4.344060998701279e-06;
1;	2.800000e+03;	-6.142356676257461e+00,	-5.145781047735970e-01,	1.342261757379692e-01;	1.710545554253806e-01,	-2.467909755581892e+00,	1.245430385257582e-02;
2;	2.800000e+03;	-8.319274134396316e+00,	-5.083735052781647e+00,	4.111999995834618e-01;	9.722903830555272e-01,	-1.761006327176297e+00,	-2.166216642671161e-02;
3;	2.800000e+03;	-1.813588900335367e+01,	1.633906221313867e+00,	2.289128944821479e-01;	-1.411481743437672e-01,	-1.505985742428923e+00,	-2.696486262294359e-03;
4;	2.800000e+03;	2.943422557821764e+01,	4.462086690794788e+00,	-7.746292662170894e-01;	-1.868411227424537e-01,	1.141812172055950e+00,	-1.918621056876240e-02;
5;	2.800000e+03;	3.355273821824926e+01,	3.288411767508979e+01,	-1.320149491389560e+01;	-5.271485789368431e-01,	5.737838893472983e-01,	9.200323580703833e-02;
0;	2.900000e+03;	4.950773361742379e-03,	3.685544447716898e-03,	-1.005642533048022e-04;	-2.984575989072969e-04,	1.991115362286824e-03,	2.500002507767103e-06;
1;	2.900000e+03;	-6.177119873445657e+00,	1.951789387499723e-01,	1.302008783969238e-01;	-1.455315253655673e-01,	-2.469570228123833e+00,	1.964383669245593e-02;
2;	2.900000e+03;	7.579979871872687e+00,	-6.605932475120267e+00,	-2.522328733998518e-01;	1.261585502625490e+00,	1.488633124897718e+00,	-6.977741383486079e-02;
3;	2.900000e+03;	-6.177866236322757e+00,	-1.791537825359138e+01,	2.417512391310629e-02;	1.350982683260793e+00,	-5.403256290299093e-01,	-1.823032501501272e-02;
4;	2.900000e+03;	-1.883873438711370e+01,	-2.361349642747202e+01,	9.234164647524251e-01;	8.872021431019911e-01,	-7.162629559237786e-01,	-5.828670971895667e-03;
5;	2.900000e+03;	-3.055817511745714e+01,	5.642628777629013e+00,	8.257413337844746e+00;	2.201057643898767e-02,	-1.201436974098532e+00,	1.207438611468958e-01;
0;	3.000000e+03;	3.638307791603118e-03,	-5.429845618432388e-03,	1.539998664163374e-05;	1.495446121308826e-03,	1.889571263475179e-03,	-5.515011222618243e-05;
1;	3.000000e+03;	-5.766187097410492e+00,	2.173809654906453e+00,	1.078700378017595e-01;	-9.660351264859012e-01,	-2.289974642682910e+00,	3.606161608778331e-02;
2;	3.000000e+03;	4.340089842242394e+00,	8.463840654264690e+00,	-2.741753628283717e-01;	-1.866987110562700e+00,	8.840569451868370e-01,	7.044448064488608e-02;
3;	3.000000e+03;	1.513598947454403e+01,	-1.299737307324928e+01,	-2.236032070778446e-01;	9.271169263063919e-01,	1.023775566373737e+00,	-8.459665931809005e-03;
4;	3.000000e+03;	-9.679518253862777e-01,	2.953315693318282e+01,	-5.858594269012546e-01;	-1.165124151143629e+00,	-3.464066282756803e-02,	2.775018041623703e-02;
5;	3.000000e+03;	4.304560774578828e+01,	-1.066482256517964e+00,	-1.236058069706645e+01;	1.637050595472266e-01,	8.459927700671414e-01,	-1.368995813793639e-01;
0;	3.100000e+03;	4.165032468029035e-03,	-3.941864198489182e-03,	-1.440031320946304e-04;	2.103189332484233e-03,	1.790917747487758e-03,	-5.863538113361348e-05;
1;	3.100000e+03;	-3.434286590070188e+00,	4.928497617136540e+00,	3.921517524303247e-02;	-2.164924801246093e+00,	-1.359519061501568e+00,	5.530195313131159e-02;
2;	3.100000e+03;	-9.534213522417270e+00,	2.523824782537386e-01,	4.048310277145989e-01;	-1.309573525501302e-01,	-2.055115484241222e+00,	2.690391203042919e-02;
3;	3.100000e+03;	1.820621482730674e+01,	8.086565988983100e+00,	-2.005577646685280e-01;	-5.976672125161461e-01,	1.247276209778962e+00,	1.090728619978295e-02;
4;	3.100000e+03;	1.987208819664369e+01,	-2.263905635128285e+01,	4.974917767972409e-03;	8.522269490209419e-01,	7.625254621316043e-01,	-3.548627826990549e-02;
5;	3.100000e+03;	-6.866772936762153e+00,	4.219438434363525e+01,	-2.471430610654461e+00;	-8.137541479639343e-01,	-3.281306857487890e-01,	2.705205592393737e-01;
0;	3.200000e+03;	-9.464007107328745e-04,	-3.392513012386853e-03,	4.469644006489030e-05;	1.949106777421096e-03,	-9.603606539094581e-04,	-2.192832897876309e-05;
1;	3.200000e+03;	1.820565943023337e+00,	5.442736577027670e+00,	-7.703675286758462e-02;	-2.514277916359560e+00,	9.290173261858705e-01,	4.679137435848383e-02;
2;	3.200000e+03;	2.758134501915509e+00,	-9.652091815206871e+00,	-2.377406324904745e-02;	1.884154975466214e+00,	5.258032303311155e-01,	-8.586047976734788e-02;
3;	3.200000e+03;	-8.323511481880498e-01,	1.887818199953708e+01,	6.356727596997488e-02;	-1.452991078242015e+00,	-1.345121372398759e-01,	1.745766621342346e-02;
4;	3.200000e+03;	-2.979227096339613e+01,	2.878136765616515e+00,	6.323733932167417e-01;	-1.237552310230622e-01,	-1.144267091742860e+00,	2.644365369047813e-02;
5;	3.200000e+03;	1.507609353440592e+01,	-3.097306399744715e+01,	-1.095862057046710e+00;	1.056481785004981e+00,	2.568140013541932e-01,	-3.332950737836003e-01;
0;	3.300000e+03;	-8.459876227591943e-03,	-2.341977943912348e-03,	2.732867929348941e-04;	4.910801907076827e-04,	-3.055715197524148e-03,	9.415139137962970e-06;
1;	3.300000e+03;	5.678492263212674e+00,	2.274365535988090e-01,	-1.219934485781892e-01;	-1.776097838692781e-01,	2.700475081556309e+00,	-1.549078519619721e-02;
2;	3.300000e+03;	8.983686598646603e+00,	4.015503208474212e+00,	-4.230711931967210e-01;	-8.792674009437678e-01,	1.796859877927493e+00,	2.044369445987295e-02;
3;	3.300000e+03;	-1.783699157407154e+01,	3.560472334717381e+00,	2.283786236250034e-01;	-2.949220809492156e-01,	-1.485502914707548e+00,	-5.239380306560722e-04;
4;	3.300000e+03;	2.488907608699156e+01,	1.610962010865596e+01,	-9.098685642551486e-01;	-6.396275315210798e-01,	9.700160869461738e-01,	-5.123231453658434e-03;
5;	3.300000e+03;	2.792265271692377e+01,	3.793169376979728e+01,	-1.209881816233770e+01;	-6.299752767224296e-01,	4.547173618353610e-01,	1.345447528735512e-01;
0;	3.400000e+03;	9.578380961018321e-04,	5.682250597352257e-03,	-1.017748618604775e-04;	-1.920292781571008e-03,	-3.065550628243408e-04,	3.237818041490651e-05;
1;	3.400000e+03;	1.461182292045888e+00,	-5.887324812702001e+00,	1.155014359215882e-02;	2.433843779451258e+00,	7.483666011433286e-01,	-5.702639347659285e-02;
2;	3.400000e+03;	-5.592897787156565e+00,	7.576265002871644e+00,	1.691566575561099e-01;	-1.683137267104954e+00,	-1.237946985564990e+00,	8.365039814258911e-02;
3;	3.400000e+03;	-7.953234978654399e+00,	-1.710089906760452e+01,	4.990024391639428e-02;	1.294713642968516e+00,	-6.794627040032227e-01,	-1.769388690701990e-02;
4;	3.400000e+03;	-7.972553694604500e+00,	-2.918813456047335e+01,	7.863949780253211e-01;	1.097883338957253e+00,	-3.013909362036841e-01,	-1.929534796316261e-02;
5;	3.400000e+03;	-2.854970764506803e+01,	-6.111139038826871e+00,	8.919661754845954e+00;	3.979229358634067e-01,	-1.196691468362435e+00,	1.102028060436699e-02;
0;	3.500000e+03;	7.463129650356859e-03,	3.577756525224607e-03,	-2.083100538759337e-04;	-1.193952472974781e-03,	2.529342016662677e-03,	1.511294938520741e-05;
1;	3.500000e+03;	-5.948619898701985e+00,	-2.209351127010703e+00,	1.423055731140776e-01;	8.404283865496038e-01,	-2.284583286875040e+00,	-1.179356648925256e-03;
2;	3.500000e+03;	-6.099106799438291e+00,	-7.810526139754130e+00,	3.328668982570252e-01;	1.514510818501368e+00,	-1.282380207403685e+00,	-5.313560818238772e-02;
3;	3.500000e+03;	1.377819716629076e+01,	-1.439400021386812e+01,	-2.075812805983226e-01;	1.028809099072208e+00,	9.248782401428747e-01,	-1.002504235841794e-02;
4;	3.500000e+03;	-1.306463555153242e+01,	2.659897956648066e+01,	-2.442829402647592e-01;	-1.047233489772846e+00,	-5.046973806648116e-01,	3.473452260258568e-02;
5;	3.500000e+03;	4.379973303485934e+01,	7.039217148950622e+00,	-1.343797169632162e+01;	-1.187276750150712e-02,	8.336465461152087e-01,	-8.453311021775291e-02;
0;	3.600000e+03;	-3.833785427379260e-03,	-3.830294010663979e-03,	1.459407172520918e-04;	2.222807896752768e-03,	-3.207456710952306e-04,	-3.706325143915493e-05;
1;	3.600000e+03;	-9.127995594689162e-01,	5.886431386556082e+00,	-2.423887762114827e-02;	-2.587229955022556e+00,	-2.944172178031448e-01,	5.689533363850011e-02;
2;	3.600000e+03;	8.720557716139128e+00,	-4.822397752435242e+00,	-3.329823009040512e-01;	9.051845523472516e-01,	1.750155640334101e+00,	-5.446721034943915e-02;
3;	3.600000e+03;	1.904087207765275e+01,	6.177464075022744e+00,	-2.152253588610590e-01;	-4.568408218217984e-01,	1.298455593349984e+00,	9.071075073481658e-03;
4;	3.600000e+03;	2.710874891237953e+01,	-1.282593079381393e+01,	-3.660452540837110e-01;	4.788930598738905e-01,	1.044296696626104e+00,	-3.264669224569561e-02;
5;	3.600000e+03;	-1.438316623581741e+01,	3.809265182309697e+01,	1.497036744889572e-01;	-7.578339627839636e-01,	-5.372866456213886e-01,	2.763693875192847e-01;
0;	3.700000e+03;	-3.904303364399024e-03,	-9.524516687026672e-05,	7.558278594840496e-05;	-5.059680396292959e-04,	-2.187161352821912e-03,	1.511661941093426e-05;
1;	3.700000e+03;	5.166128472283776e+00,	-3.075486852862989e+00,	-8.555519934309330e-02;	1.221396676224731e+00,	2.277759470313379e+00,	-4.305518586139077e-02;
2;	3.700000e+03;	1.416603908450556e+00,	9.382575611929525e+00,	-1.394700954316612e-01;	-2.049120749631675e+00,	2.968495351311800e-01,	8.613136870694940e-02;
3;	3.700000e+03;	1.490562632947152e+00,	1.897033994960069e+01,	3.258424738865445e-02;	-1.448994685483524e+00,	3.995011499700660e-02,	1.770782317373340e-02;
4;	3.700000e+03;	-2.863768960134400e+01,	-9.213431563526184e+00,	8.557238212835948e-01;	3.399876404532349e-01,	-1.093665560461090e+00,	1.462772165990150e-02;
5;	3.700000e+03;	2.437741645421828e+01,	-2.732524251700406e+01,	-4.185022177673414e+00;	8.919010760299796e-01,	5.017223738318181e-01,	-3.114237046300150e-01;
0;	3.800000e+03;	8.155311196698425e-03,	1.492293798269003e-03,	-2.224078171153504e-04;	-9.177268782579788e-04,	2.707878521564470e-03,	1.783605783798136e-06;
1;	3.800000e+03;	-5.777583776650545e+00,	-2.772089367876297e+00,	1.435015564013642e-01;	9.916325177246589e-01,	-2.212000008399123e+00,	-3.495643464362988e-03;
2;	3.800000e+03;	-9.669462374167390e+00,	-1.373533698302282e+00,	4.285979031154742e-01;	2.567888524871866e-01,	-1.998344809672241e+00,	4.123466629303390e-03;
3;	3.800000e+03;	-1.717812058897207e+01,	5.969061805031436e+00,	2.243804755662342e-01;	-4.845574442921408e-01,	-1.435326857047288e+00,	2.074071261555351e-03;
4;	3.800000e+03;	1.616134698906281e+01,	2.476506532822050e+01,	-8.862048057985165e-01;	-9.780266137960530e-01,	6.331441034506117e-01,	9.704568136870645e-03;
5;	3.800000e+03;	2.166486641281199e+01,	4.161189424969221e+01,	-1.066584546056904e+01;	-7.110714986127556e-01,	3.235910889617730e-01,	1.720421928823740e-01;
0;	3.900000e+03;	-2.856102827342924e-03,	1.238426509511625e-04,	6.719152616639466e-05;	1.639890284040038e-03,	-1.273361266374267e-03,	-1.130097447847630e-05;
1;	3.900000e+03;	2.615606089480681e+00,	5.120393828897929e+00,	-9.633596556149755e-02;	-2.396580802651159e+00,	1.256827602259865e+00,	4.046885514573696e-02;
2;	3.900000e+03;	2.120043136074967e+00,	-9.704251050013609e+00,	-2.201236251714186e-02;	1.946160629964738e+00,	4.048952159050180e-01,	-8.677966040476146e-02;
3;	3.900000e+03;	-1.002450323904601e+01,	-1.581580796735052e+01,	8.022905550855577e-02;	1.206170381638862e+00,	-8.451280282976216e-01,	-1.682039836328774e-02;
4;	3.900000e+03;	3.924603556992047e+00,	-2.999554521038510e+01,	5.267799962305770e-01;	1.128770889045271e+00,	1.520653419176587e-01,	-2.939312216561914e-02;
5;	3.900000e+03;	-2.316395957714415e+01,	-1.663382393090827e+01,	8.467409643171752e+00;	7.527519920248423e-01,	-1.039656972166824e+00,	-1.087459842467004e-01;
0;	4.000000e+03;	-1.901157843945523e-03,	5.685876626925415e-03,	6.878421976503676e-05;	-2.231688637495538e-03,	-5.282113841544185e-04,	4.936917719916750e-05;
1;	4.000000e+03;	-3.229443696174241e-01,	-6.470641920669867e+00,	5.941585772637711e-02;	2.403694515904570e+00,	-1.308038526398908e-02,	-5.068628668206092e-02;
2;	4.000000e+03;	1.004936307644306e+01,	5.703798401220386e-01,	-4.356817960436577e-01;	-1.292451217460436e-01,	1.963811163274488e+00,	-8.083128780460500e-03;
3;	4.000000e+03;	1.193433912840079e+01,	-1.585912316232357e+01,	-1.853027910954431e-01;	1.140962736892273e+00,	7.927709474394915e-01,	-1.174654289048899e-02;
4;	4.000000e+03;	-2.272466964953010e+01,	1.922012186158332e+01,	1.327661781124472e-01;	-7.570134932548904e-01,	-8.759133452465613e-01,	3.566907813493059e-02;
5;	4.000000e+03;	4.301324516762758e+01,	1.457117414977244e+01,	-1.400514392111353e+01;	-1.654695874212204e-01,	7.949417029183888e-01,	-3.570859196488751e-02;
0;	4.100000e+03;	-9.123609881809625e-05,	-7.758335453710426e-03,	6.847360037172345e-05;	2.794940274801127e-03,	8.835797796003708e-04,	-7.756444994329233e-05;
1;	4.100000e+03;	-3.083772703943669e+00,	5.175933899044322e+00,	2.278364476388508e-02;	-2.312434073013134e+00,	-1.168609169309357e+00,	5.835090589001966e-02;
2;	4.100000e+03;	2.222800297898612e+00,	9.608021671829970e+00,	-1.608452766953222e-01;	-1.968747375311098e+00,	4.110096765100514e-01,	8.187867621690734e-02;
3;	4.100000e+03;	1.973883447732126e+01,	3.823075962161058e+00,	-2.287470985886527e-01;	-2.841702420055237e-01,	1.340763741846634e+00,	6.867180881858629e-03;
4;	4.100000e+03;	2.981567033471315e+01,	-1.173465178820953e+00,	-6.698382697381452e-01;	3.102995470443464e-02,	1.154388954739707e+00,	-2.451353623046205e-02;
5;	4.100000e+03;	-2.083854236660852e+01,	3.229842935761303e+01,	2.642421765145249e+00;	-6.544447089544757e-01,	-7.421821007418499e-01,	2.678901755665943e-01;
0;	4.200000e+03;	1.069025017783227e-03,	4.439258653613970e-03,	-1.407882821599739e-04;	-1.786802014095419e-03,	-5.313487815259444e-04,	3.805845738421986e-05;
1;	4.200000e+03;	2.518863032149198e+00,	-5.762901722771903e+00,	-5.631851872127347e-03;	2.207717841401464e+00,	1.150115704532521e+00,	-5.608512313393092e-02;
2;	4.200000e+03;	-8.664079881299056e+00,	4.339618714500021e+00,	3.445662897545197e-01;	-9.184111868391784e-01,	-1.827211299605972e+00,	5.151138444359098e-02;
3;	4.200000e+03;	4.242017905521475e+00,	1.873905489088123e+01,	-4.117263219818499e-03;	-1.415400906502979e+00,	2.435593678157547e-01,	1.768399743137036e-02;
4;	4.200000e+03;	-2.297161437067933e+01,	-1.962576233989414e+01,	9.392596115825154e-01;	7.346489170532511e-01,	-8.723622311898992e-01,	8.757025474331047e-04;
5;	4.200000e+03;	3.164446662142089e+01,	-2.200941691277660e+01,	-6.861639301336484e+00;	7.079682451188832e-01,	6.645168342671410e-01,	-2.751760919088454e-01;
0;	4.300000e+03;	5.408894618253099e-03,	-4.508337860482614e-03,	-8.804597374809212e-05;	1.760849491552387e-03,	1.626678364566142e-03,	-3.855614066745553e-05;
1;	4.300000e+03;	-3.438314304595387e+00,	5.115792435547306e+00,	2.982050825735181e-02;	-2.199414588995300e+00,	-1.277079691670471e+00,	5.714588817877067e-02;
2;	4.300000e+03;	-5.982268653388096e+00,	-7.847932676753965e+00,	3.066419002429342e-01;	1.565306956439970e+00,	-1.257037066280075e+00,	-5.946624753593926e-02;
3;	4.300000e+03;	-1.598544078734411e+01,	8.783391648281878e+00,	2.143340237980333e-01;	-7.026625210050895e-01,	-1.337612112934509e+00,	5.131544622049889e-03;
4;	4.300000e+03;	4.934693478667199e+00,	2.913002400278196e+01,	-7.151026361750148e-01;	-1.149595579981664e+00,	1.964327596678943e-01,	2.272469345377928e-02;
5;	4.300000e+03;	1.506949031562571e+01,	4.392140916746335e+01,	-8.987244468468848e+00;	-7.704778931638286e-01,	1.836198903805014e-01,	2.041721756227587e-01;
0;	4.400000e+03;	-2.300457334241851e-03,	1.020541331188127e-02,	5.931852911083971e-06;	-2.806423585542997e-03,	-5.262199976414908e-04,	7.343388749341966e-05;
1;	4.400000e+03;	1.627489990094095e-01,	-6.412323623469166e+00,	5.089047764317344e-02;	2.438189959711632e+00,	1.944363194635729e-01,	-5.322360349714306e-02;
2;	4.400000e+03;	6.711542831330756e+00,	-7.600635633855072e+00,	-2.428807509673919e-01;	1.471655963778348e+00,	1.279602525477230e+00,	-7.088649529699624e-02;
3;	4.400000e+03;	-1.235714403721034e+01,	-1.385416711219436e+01,	1.147814299733243e-01;	1.067233912286545e+00,	-1.033542251944031e+00,	-1.537027221896110e-02;
4;	4.400000e+03;	1.500665971290638e+01,	-2.620488414583387e+01,	1.904317283364989e-01;	9.853648748757505e-01,	5.755664337436590e-01,	-3.480964228079889e-02;
5;	4.400000e+03;	-1.529328129349326e+01,	-2.467071294737243e+01,	7.027704604399482e+00;	1.011932892615508e+00,	-7.614829984809688e-01,	-2.135146199229527e-01;
0;	4.500000e+03;	-3.317957368787745e-03,	-6.533534745707334e-03,	1.812999529943200e-04;	2.608366668778028e-03,	-1.385630443692379e-03,	-5.215612486268694e-05;
1;	4.500000e+03;	2.071456202447132e+00,	5.614004920117535e+00,	-9.215887153349535e-02;	-2.428275506815502e+00,	1.001256166008932e+00,	4.281910901160379e-02;
2;	4.500000e+03;	8.470767465402101e+00,	5.249912758527135e+00,	-3.929277826869157e-01;	-1.091525074044662e+00,	1.656450164069202e+00,	3.757572194976773e-02;
3;	4.500000e+03;	9.410125979361515e+00,	-1.730724588843889e+01,	-1.545158610240865e-01;	1.258553211926234e+00,	6.143724993635929e-01,	-1.362898155914805e-02;
4;	4.500000e+03;	-2.855856671207525e+01,	8.839788040461620e+00,	4.833451768314965e-01;	-3.543518983997568e-01,	-1.096869012530800e+00,	3.085307547340179e-02;
5;	4.500000e+03;	4.099392390906183e+01,	2.132196117867637e+01,	-1.413091487259226e+01;	-2.983608184535338e-01,	7.378882154051378e-01,	9.062445947067257e-03;
0;	4.600000e+03;	4.909568320174204e-03,	-6.947062988619286e-04,	-1.338252224501852e-04;	-2.513354637726266e-04,	2.286599511362656e-03,	-2.386260335856911e-05;
1;	4.600000e+03;	-6.192059462708782e+00,	-2.388111371626069e+00,	1.518387420903122e-01;	8.542837533576614e-01,	-2.212984705061408e+00,	1.172468761866499e-03;
2;	4.600000e+03;	-4.664313872506537e+00,	8.381771240100980e+00,	1.556615770154273e-01;	-1.789897679182464e+00,	-1.022210484744947e+00,	8.235743035220199e-02;
3;	4.600000e+03;	2.013142415586711e+01,	9.205561988921105e-01,	-2.391525857079525e-01;	-7.296674099819428e-02,	1.365656787033502e+00,	4.128963846919614e-03;
4;	4.600000e+03;	2.778980126243711e+01,	1.048361073782650e+01,	-8.636003752717887e-01;	-4.211805182904408e-01,	1.081011629424934e+00,	-1.245438940908955e-02;
5;	4.600000e+03;	-2.589275693251967e+01,	2.504995664410096e+01,	4.881010120273223e+00;	-4.994289597335679e-01,	-9.307665661804854e-01,	2.426256423527860e-01;
0;	4.700000e+03;	-1.582358338913740e-03,	5.449396798016229e-03,	-9.396669447333634e-05;	-1.667519075833777e-03,	-1.457725120077693e-03,	5.604221707198214e-05;
1;	4.700000e+03;	4.708272295113469e+00,	-3.806236133094582e+00,	-6.624223714302810e-02;	1.541165618680157e+00,	2.101545483089827e+00,	-5.102000642193544e-02;
2;	4.700000e+03;	-8.790194534572308e+00,	-4.304678339734746e+00,	4.001315422255651e-01;	8.272471344670753e-01,	-1.847559083304152e+00,	-2.605989968014404e-02;
3;	4.700000e+03;	7.385275702547262e+00,	1.796688043872305e+01,	-4.651676511025837e-02;	-1.339300242936316e+00,	4.744277426302632e-01,	1.714204695009883e-02;
4;	4.700000e+03;	-1.383010061716482e+01,	-2.694693512325848e+01,	8.774424409421367e-01;	1.010238787764987e+00,	-5.231438354042189e-01,	-1.277920036781884e-02;
5;	4.700000e+03;	3.697664765752275e+01,	-1.582312295469875e+01,	-9.067139180014877e+00;	5.265382683115633e-01,	7.649452415511724e-01,	-2.330214607082904e-01;
0;	4.800000e+03;	8.337450340448077e-04,	-4.960017306359843e-03,	6.168036644876020e-05;	1.999465119883510e-03,	-4.986199004756759e-05,	-2.876109376902392e-05;
1;	4.800000e+03;	-2.317771413373304e-01,	6.204905825087913e+00,	-4.991383161394392e-02;	-2.543921944639509e+00,	7.748543145801863e-02,	5.316257144015648e-02;
2;	4.800000e+03;	1.241484984164144e+00,	-1.029761731154946e+01,	-1.956474576400474e-03;	1.910077929391909e+00,	1.697623220061264e-01,	-8.276869292169367e-02;
3;	4.800000e+03;	-1.4